814274898331303999
814274845818355713
814274812519645265
814274814377852948
814274843390115850
814274808920801310
814274868509278229
814274874645151755
814274884690509874
814274877652467753
814274830391181363
814274862914732032
814274837282947094
814274879540035605
814277979521155122
814274892178391072
814274815161663538
814274831582756884
814274852666998784
814274864360980490
814274896149741589
814274806392160258
814274867376554006
814274878944968724
814274826957094982
814274893448478720
814274811491909633
814274860443238401
814274871633772554
814274888251736154
814274838561685585
814274876650946570
816678109285056542
817040480818823168
814281171697532989
814274807885463593
817039223068557372
814274881696432129
814274853602328603
814274836829831188
814274870731997254
814274865476927508
814274835890831360
814274820149084160
817039884656574485
814274828143296512
814274882829418561
814274883868688414
814274891440324609
814274829896646656
814274815988203550
814274873529466951
814274844673441802
814274809411403848
814274861902987354
814274880806846474
814274889066217482
814274846790909963
814281092894818344
814274839544201278
814274840827396106
814274833289707520
814274842299334677
814274841674907678
814274834178899998
814274813379346482
814274896855171153
814277976443191356
814274810695385138
814274826133831730
814274894341996604
814274829053460520
814274869403058197
814274887463862322
814274835076349993
814274832458842142
814274847466061876
814274885185568810
814274895248359444
814274875854028810
814274890009542656
814274872565956658
814274886565756928
