791046950144442418
723081977716146237
661308248384602112
809520822435053611
629377676020416543
751171248440213545
737011218652594198
421733057545109505
774644596637564949
758062122419617865
445987559974240266
808328209250779186
658104276903526411
675375408815931412
534912155913551885
792327158114287626
741137427963314179
700319443703562321
803954638407598150
681212327399522314
769610485246722068
810016453326929940
450333921213808661
706242048717488148
658714346704338985
481952961644462111
801805486890287105
417048396646580225
661348279883137080
657655392133709865
710517753764773948
800383147547164673
587783056983588868
805947776554893352
787680912405037076
657635815727431681
798328815012544592
747828989724327936
731928277630976010
557315640298569729
621425189305188402
805996401212653608
801350888991883295
693162102902227024
762091323334852649
805022862434893844
427499853279526912
796458155919015988
768223674682966036
794339292323250266
666327192929828880
800583592933326888
802629850044170280
735785688443650098
705473237999681636
777671243192205312
792091501886570576
780515018608214036
793610674134712351
721836798468423730
785228654279131136
624925760473530388
524812201404530689
761922296536498178
795435048584478730
761020873603022879
690992493293994116
748613529745227867
807734500532027462
696449538659057775
770471771848704010
702451017140404244
755475445444509947
739803870129291306
423600030155407371
805958064997924864
689137313535623261
812179088898523176
622246537812115458
751282869753610258
797886829340131378
764117811793756170
530535025192730654
501168784724459530
490434636225183746
561946344164425738
759702311034552351
734929771753898085
556130143563677706
794251998558945300
805507099693023283
716856449103560765
807717187392897094
557126012224405514
764123915219501126
734861116320120842
804655609198149662
804269145772392478
814892053473132586
777166854245711893
481199083554603008
525807767051829261
749640093865607298
808713130997317665
616209286170673162
514088420092674049
807324859444756521
708960930809249904
755119449547210794
750806553048907817
793388425893117994
745273787418804365
805236905389981756
808143293933944863
729732200026734662
799341956459266078
813135365635309599
652959777034600458
806343011583000588
116275390695079945
662721211872182272
801170742716006420
744343972222337025
594613381923864596
645860797414899712
650549676306726922
798603160247599137
699822623332499618
794018409187770449
214075846988660737
784009349550178335
528307826913837056
774787474844549180
718839240783299041
771410625879998474
701870813644849322
721455794834636861
791975069441064981
712320669349576745
739569428835991592
691695686055362671
772306321810128947
817149469564076072
782195449443516436
787255018499735562
793915511409737789
808936870611910658
716633505181859850
698971078701088920
594674282777411584
792184257824423956
680572922469154849
807443490463416331
709220312788500500
729451696736043081
791765486664155156
697171074995191860
793557241793216522
709194791254098001
790511897106710568
808782836298416129
809207173438767125
782903495434960956
805830241800159242
735870562353807492
605241323565613076
550589809572315136
807542485932703745
803015415843651615
698985197097451611
806413059006267444
793230126702657547
584786698936778758
717908969351282733
235122995402637313
652123144492023809
808264461549830166
663907274925801491
705308583075512320
384402477241597953
761430005829599243
790476874832150528
484208425631481890
731347161551339560
801028743308640296
703590919303331900
724737480297021583
814694067610845216
785804536936923167
776836256055033876
781956906843373569
743390635045945415
722005061323980870
792458167014916126
777894033045323807
564515018272538732
807357289366421606
367313784974344195
710405715533234238
777895248244244501
795751047536705546
807360482456633414
810175717751914507
356938765627031555
774760594200985602
760481143354687528
775286472819343382
804274031477915689
810134839251435521
676938995514736672
799310968714690600
805799248971956254
695573451586666496
524003596879134722
792881907850543126
683015055981412406
762563290240253972
807283805785161740
810448501892448327
797961325866647563
785282491916484650
745252060814901319
795821425017618444
673896659284918313
639840282506035212
812932429483737130
777240863889293354
777522571679629323
806742915547922443
737030059549917185
695264700656517161
790621795098558474
740252864584351744
443795107465003010
736261390301397102
720936709952503869
802572140976013363
721831593156804698
747451345224597576
515569443628253185
707679932754427995
624033181913448448
450021092749213696
447859018614964224
736226284761514096
808760578960785450
735945423604285491
801029586988433438
816666402714157106
455130976310263810
782238495904104518
747707349182971926
787317215073533982
766119060810498049
716327069461512202
758842376931770400
415287262125752331
737064545004159014
801274145119404033
810125933776207943
801141988463476748
510830852771676170
782833891970514985
546078944194068482
670445051507376128
676537566983487493
799781201166598197
725648551912407092
746410643111805170
814558037863563346
735974532111794357
416414877465313282
809197324550930472
783722248455323663
806227545976078356
787072619261329458
349308394340876300
785113920049512488
806300142630207498
714518680926421107
593405321456779265
773598439145603092
781490792270135296
759861769023520768
624986538882760734
762420582276399115
809475198372937838
480799923508609026
765322644526333972
756068553895051294
594193607355924490
806587392098041888
725713808760504411
635273513850109963
795879716396859442
804775254123479050
707562675105955870
633233745155194880
806190481682726963
263962116321574914
659513121014022195
667042111073288219
658005075964198944
621410889660235776
714893126396936293
719565340853534820
785354952888942633
789533659874197504
742064030453071882
752235730180374570
517739199386877982
519608785661198367
804725970392449054
796547963232845844
806606905199951903
795060559250587648
365630143730810890
647891680674185276
662425742206042127
806719909508677632
803265896763228202
769965964938444821
659472172942884885
628604875185324072
732541888829325323
810245389759545357
690047853644742660
802264242551259137
798513705276538880
801178558281809941
808817775404777534
689585605222465541
769377466946551838
753304610671951923
807863988904787968
433311626490413066
795299698445123606
808077643084857384
795630896664936449
712603622965510145
709906297893683271
707912248227659806
511520915205390368
556918730383425558
695105915959115786
371553074327846912
554415380756693043
690465207553753099
804452494528610344
645595164915662848
798907000331042907
768368811215814666
564443007189909505
708018198498377778
610159506533646342
713430323572244621
698966041664946196
516314685583261706
801900709309579275
542329708742836239
662690801595318286
736406182629081238
795165188273078282
439728290366881792
577528254982782976
691739196754362388
708315247085355038
786204223733235733
715703368127086622
726132086401925193
657802117318311976
716817471260065872
808422049713750037
706780258694594602
783096173212598352
807009400094851084
810029324416581633
629349160675442688
715375211817467996
622173426731450390
356107834297024532
772420196995956767
804473651457818686
775406115504259082
807217555243532309
807974847468535868
796195560343207995
801333674351263796
798521360371941417
796126340104454164
684126342404767794
807086076929245185
466827893171945483
714804667313291304
802158386220236830
809877569205305435
802289889508196363
689183921518542866
627221584033349632
601096366101495830
809921240277057617
783000425082650645
778325812335869983
617455152798105600
755408372538409040
712034264211914754
688874042349977640
425491959893852173
770984403593723904
556124393978462224
591433286862110720
800758673488085013
559889492043890688
807338723549118555
786173910139928586
528210594340274206
774502212210655232
807236568732401705
773353258235199518
755884740652957756
792428652587515915
806097875691372554
802741962784374785
510554576118874163
778814957088800779
754318017277591632
612261732374544394
806612445375365151
763830192392372226
809642906365198346
700126270528159765
806627843517710397
810165844617068595
779017444609359872
661540520786526208
774504904488255498
808533402902986752
725460909614432256
601417576249294848
529006079103991809
809732754580439080
807660046200340490
614977510924615692
763576581293604875
349728650582556674
793265584413474816
785042352196026428
561467410192793604
598166252510511107
791853768521416705
486646905607028737
721816626923569222
661967408004726817
751779546038009907
535139421801152512
791713039304097842
462917001908846593
695455891453116416
807298428475277355
646168373771894805
803538699886264330
769938954740563978
808813481549496330
193104718103314434
806410286793097257
711118218869211146
543363849320136724
776703409985945601
801207087165603860
652473295660253184
724740402615156781
809430655003000912
809578007559274546
800046210022244354
804697006526038096
672264739589455882
814251465223700530
806595608772870163
796509851454144542
702116199080656916
678562197533622272
792199568619995146
756819725820100698
779006426583400451
804189638771736628
797612345710346290
560533919066226689
475767697708417063
589600711759626250
796122077496737822
793528435792281610
702163927739662418
497549646856454146
446001718879059980
800035689504571423
727124239534129254
581080725642805262
733461686198993027
687016970410786948
790201622072131586
808716741429428235
726369069200048189
808098713301418035
795185019844296725
787042386840780840
808277496327176194
517489360720101379
793838031635218453
654633276136226816
644494119636303872
723625420888473710
582655479873011725
800205616382476329
719985841681989694
772873196604096523
703793690195525672
710182231691493507
771672873331851266
712147559648329808
740910415596486748
777264904448245791
737922108151169056
787175610241515574
779393482707304469
799380275436060712
795845187116204053
761424787695468567
709119653384945724
799402516394672160
781907345277190145
792282726044532736
596696480052543497
797785543890173965
661203232881770518
797444919907188736
805576088843321395
756703756871270410
697109250379612160
532649229928235010
730096858474610688
708385337990447125
753317115766767716
777621702209175582
776566795384389642
794363563711004672
792476032787021835
774934517433106444
700981870661468192
723877475612098670
778438627201384460
759194353003790377
795729757060857908
791780669181001779
706919557054332951
789169043415760918
806932123633319936
804169106001362984
787349980805201960
771715350693019659
804169463451877418
645687515151466498
235088799074484224
582879477814657024
788046291946569759
799226819949494282
533317102136983572
808192270767620138
744494814036230155
472473666748284929
762393489496342528
772275098673610772
772367044699750411
510639034008338465
542222734453899285
779965972500709396
478178811100397570
776545457005920300
794238561343242240
772283953398153256
796861066579148801
676829167366570041
502147037383491596
800705444901027900
715404181824995428
561891190853861427
412736757608480768
747672722351325205
798225807730278429
781699181730856980
777583760916480050
615583085672792064
806596128690143263
674714461856333847
808772632827920475
782717460045496341
511636909420707850
371447454027218944
480242777289129984
806810343610777621
718269385009266720
709262617541214218
576165860146675752
808641300156645397
540652136506327060
793832817125621792
765280030548819978
803261497119473685
699905810502909952
792814058976968765
693114177295876156
807990754923905044
543912013554778122
775172585750921256
698476546549219358
481161598166106123
794256997989482497
547599863182000147
470749027185459200
529381302781083650
690257812538130635
800399892761411605
808417443894001704
773177158838517780
798310407144079410
810920031344525382
727951587581886525
686071997230350382
713462560594067468
701502672192274465
783615802699284520
793137878079242270
691976924242640938
657305233273389096
689386525506797599
785929722688569385
809651594228400130
408778956612042752
775692329268674570
801931601189273711
792307708858204160
779606412325027840
776508586834001972
808044332439175249
790369259795906631
540523562180804629
607607894854205478
639181377090224148
801144152397316096
814677408753254450
791281704811495434
647724617003433989
801124678634307626
720047350332260383
624290033175756810
809610837147910165
573185346628747276
612077483537203200
457593720057888769
729817483602690068
798992721330700289
699781504460652563
674867940818157588
797626128893214741
698990740503658546
506166181493866526
807378387991265342
813873241252823080
729067434178379899
771406129339039766
720576840602746920
743605645206618222
670699511688986685
718075647754371132
804945839793373186
757176196038524950
805581922763276289
294882584201003009
801235044801708044
630405368660623382
536856628637466634
696446083496411196
761209221366546452
813473545887023164
759923101894049863
776897762250850336
702866759723778108
600701932977258500
567759415604674609
780518226823741520
784374796535463958
617731106879438859
761780806804832276
789264213096923156
661822569762127895
748326198551117977
784823811090022432
327976385551269908
759510386910953493
792218526126833664
737723278155579463
785543175073693696
719173590183968799
787065500915466281
805077180844736534
699286520707940433
694954451072450572
811534542766604298
806386756768497714
792806547293208616
715318334274666576
533616847703113739
793177775854977056
797761217376026634
735392645869862913
705905724546613288
715933059144220682
801732559465349171
808054912160104541
480424898641264641
270904126974590976
645645817402753070
566419541131788328
812170931795001354
803386140408938517
800113284577230879
685517607922827301
724634165114306690
733662184424341524
712881745955127347
779504175088009296
363020977979785216
773570219536547891
784174932640006155
798644864316604496
667928306842075148
802593933137281055
613059242936631327
600024326443368468
807022049499283477
771783914783506473
727680086542647367
709260246828449803
803170264346525726
651564614135447593
330247410855051264
772149957737316383
696454910488608828
655875332179492866
404715655011631104
794967397706629140
698100909204439073
801841277842096198
718446668051382302
808434167141761054
803186694744571954
614907608675123211
796460727505256468
592898794451107867
802389243980808252
719342294465118209
782348249016041542
559389523944144896
609109174906912818
803344151629529088
525487867158331396
624639719678017556
801060620073173042
807404902837387285
580915120818094080
570038229294776330
718048699716206683
689178783642812428
692879914050781266
707497602282815569
721744044790644756
675127022674247717
475412404528742412
741523584731578408
755925884967452693
580131198903255056
762523446563045416
740712451359768597
793744535003725865
673618959123218452
767163891959595039
682698149185323187
713932461536575600
780541889304592475
734018343618478120
693899257802915864
748816883754598450
733780324869472316
741420330291298414
606766165938667526
765179621506285578
705556112195190795
665546478290468864
401341718475046912
717745200637935687
803425681471045643
371714584161288192
336093540516102146
760123371643600916
764450277276385290
794648504877711391
727361464834326619
678351611130675200
797441631859114045
804070479341420614
797612305667063846
438885317878218763
774377787791507467
719741529199214613
510487157933080586
769198281770401803
763852487853080576
807619057746444299
700431941492670616
733910610776948736
777515576582864906
690646252785762334
796384450610331648
591294347195187203
763132242083577856
806664347732279296
800415616632488007
693428516405903381
684080914330026002
732662677695889529
766320659990970378
793826251139579914
779398307503276094
507901065384165379
801995076766531585
806226655885787158
293096684857327616
791249581358055446
549325129583165441
739526181157863494
754919730275680337
727568412506718229
734851039659819040
713997810160107602
726263008522928199
803277357125337108
748331843077537804
795617869508771850
792170140233367552
727404961733935144
517633947039956992
477166006457073675
783056407158587502
763802847308939284
797555286964437013
650866423798693927
701221612921421864
786816999140491296
696003917431177266
716229994493247500
770792273969545236
775113709370474537
542168054419947520
662991147320213525
529321468077670400
710519588592549940
806659676635922433
714552160150356040
702624965496668261
773382979681910804
773933978528382997
794980426404855888
276991790203142155
710876679802847244
659869988173119498
553904581575311381
594509411867820035
808117651015467008
602237601503772702
513465749260468226
709145988119658636
797863148757450813
808775513635815434
782034495670976532
793993595555282974
405434573363740691
782679567809904671
808588325396283434
738272457462513725
806282686200414238
543883564291457035
757319109003313212
643117796632559661
767389876659945482
797563212685901886
711653440492929045
746230128438280204
807843192288051200
797617519635726337
810992394388504649
787749147779792899
771149251619192863
541254495733022723
692309971852984381
809089307137802250
577928875066130451
774955019229069312
585755368219607043
691355654992035872
689536913652449403
692592069138448464
802577414475218984
787302881475821578
806745881838747649
412732635731722240
805755240082309141
429987302375292930
790264409984335892
663095719422328836
732653597820715078
701034505112387616
690938141422387230
810505503536447499
585336111811919872
773824395297947668
671401753538985986
804491542647668787
698404800576094209
679782145157496846
414252437441085441
675984654389739522
531264116761821204
802542447069888532
753624565149859891
706949421841121330
266189430446882816
729161432893095968
498163896688050196
792443197527818261
487167686376423424
724650035815514223
776531069369188352
594977544302886923
695218893756825632
652927785093824549
810262705927487499
685197367300849799
757971170258845766
754734319364210698
729044930416082945
802360854490120242
711189676991447040
704041475096313896
786217964214026252
424996774353305603
793059266524741674
789382062318419979
722369081109643274
784049188081500190
408785106942164992
529462341360680980
753854854111297631
398638010830290949
742473600287768736
770706085136957441
654366212762894348
796023635085099008
760277133963690006
582976283185512497
728467384452513824
798250502704857159
717123510610296844
767285056737378324
587697397631549440
763880809568272394
760891597436223518
775889565876748290
762016650434183209
806644108546408489
695178903085645854
782835644468690975
259767762161762315
790324234656153601
670585925880905770
797881287582416956
796584358533660693
499097201574805504
547830504142012449
797315451343601676
730394195059146830
802543805819256852
789501568281477163
541929657071697930
639199883663900692
585485150637522999
714702527266029640
680714143669551203
729925407834374155
734054347805163581
683871248094462047
807180902353469450
806558336232325160
778293161070952458
787948237566115860
776587185004609556
662665469534404615
639982586847952896
759170155484807219
577604035620634666
797367637440462858
263847030680584193
717725650932203531
740575240043888670
695631637748383845
619991076484153354
769047174372655164
740855981541556307
671803167826116628
728302547437223947
778315533417971772
787351852567494726
754811651609329694
704083188296712212
707954303750373466
630880224883507210
792499642813120512
741757012647608460
800255466554916885
371559788582141964
735981631705317396
719180574505566228
557990552155455521
790895433601122326
509864742723125259
661689853678714921
481833265070735370
688918145468989503
752627702120448001
450846376780365824
797960658594430976
640461453312131073
592630992020176896
695497182274519100
511139878944112664
642622310649692180
777576939929468929
648762884767350794
709553777203740693
712223067249573928
805068916635992074
788513935321858079
697444618807279671
706937666280620153
633404988370190346
741154669618921535
650820257979826206
668434322914541588
798830790171033610
804418098038833204
745642803698335817
339496487102840832
789179487048433664
467374564217716756
805388140121423913
760203317615394846
655586079789023261
727588795603746857
813159616644775967
464496396247105559
796384829503045653
801084718182826004
765413707538759690
763234674083627039
769978235991097405
751585327382003755
713076570520289320
409321002472833025
807777084193505321
726329622089957418
274097152962330625
723562328821596264
803781402796752906
816346288194191422
807306965675671552
717789754002767933
647548143252144150
769769436345139272
665523850188161063
509088945464672266
765691168548978708
767080351574392865
643452368452583425
808481563800109106
795366906726187040
792940656946446346
808071397993480192
720036166426165379
527540159919685679
645397455382249560
754902844007514163
793808424034107452
781562802228822036
693506712690360382
799318222419263518
783845990272466954
482740831418187779
787639483360608308
595302786900688936
807981559877337148
801569303035510835
686617247145263134
790663001153863730
430678523309719554
517333155112288256
691021870216118312
653089878455746580
708303511028367441
724878838831644742
683319248394780778
697503599022047324
643616295035731968
642682738213912616
802549218006401037
746084554967744560
810917640322285615
706991046692962334
790948499537002568
531395181417857025
797514123226775583
734888346962100325
809007302115196948
678388026954481694
768972014752628737
807171141005213697
786578611645186049
800666552839962625
751258591918555227
680856471608754199
717943145782050846
800365158945914911
552062519171350550
235148962103951360
813025682413977630
527176614346227722
698954050145746955
723496346509901875
808510816462438409
707352471504158750
727646763099357225
506267586674294795
742994489504956417
809540516378181652
764130167596908574
749060844037341195
780701529602129930
724479216300589098
789312095492767744
809468156389097482
380056381405003777
782621972181024808
582400684117196821
803547640339234836
783042457813647400
551571034323812364
654462906246627330
560903646318166027
725010786581348442
447420383696781312
758537612678922260
601111297160904714
615152363786862637
700206404937449472
586993270203220037
751454763907809290
724568881951146006
724020184213487717
808432023416471552
768685454710145036
685706439410450433
749936017146118214
624770593346158614
813620329750462483
812507311242870805
713732318724096112
546692080592879626
763509913430917130
613470687729942572
698741623907155988
786945452590235678
601545576844099616
786289720372101131
569531866307100682
774401886185979915
671663052071895073
238826232676876289
808175453675585577
631228239762948137
803945433285001256
705740047906897928
725576207139209256
802385586370904064
723532404920418414
802807146941120542
761332007438385172
801236084406353981
807370837559869471
155149108183695360
804833711505145926
743786791642988568
795830465222279189
534491500608749578
529704886497968160
807339694970241085
803068920873353277
722472756528021574
807672863326732300
675693697374879744
808007354565394472
719641169314840637
558339825082564618
801159356484681799
704301349151703041
571777015741677568
442006711738433556
556886339988226068
754021699703537746
726436408788779008
780089294042693643
752115270268485665
807237159655571466
780914067127795734
810291341648068638
756190184743370822
764232111602663424
645456123989721109
811799344809377822
803642920292712489
737060175831105586
551632694208102409
316781878554394635
402638495471894546
527651667743604746
790612710160597042
678316193890697257
793258164610662411
606926288204070945
738149095004438558
539100226053734400
792054341313232928
736782694675120158
681912039165394948
715987156908114032
536612763875672074
729742429393125391
805953210949828628
709297999255437402
808613105058971678
783124411997356042
784787546046988300
804764099787358241
663415599300476948
705221983230754926
716414960691052616
809865060574167070
611418788033724421
669323622204178483
705683249367744543
549339462224838699
624864340687847424
811299695024537730
745785925954699265
561318409476898836
487474172428156938
458274089644195873
426871523601547265
733898099340083271
306833876943110144
791678809178374154
610406647038214149
794742598073057300
718840935563395092
712789830559465610
785428155681996831
381604528887300098
464608125325017088
795269549825982525
688566143660720146
803349242798276669
737712770572877834
793728865818247179
624562839004119040
804834702112194581
733381614037368902
705168357233524857
800320692469891123
775890719486902292
399076139567415298
751988842562846821
776578590627201074
764283019187453952
791513319876853820
688721974436036636
696034460977725440
479082652926738453
740480322076016651
805987111907754014
651047340949504068
791240424450555924
812492439930929184
781932273117167696
643471853238616064
763421250563342356
735414265766477825
707484878135885854
464901927407190016
632229683328450569
794647429114888192
649705703715504128
808176558639808583
809950132090437672
509224902033670145
809549839007875092
769985207910400010
670630484350468138
628983801980387358
563253067542429698
613861393745313805
667043906848030760
808794796843073596
800063708599943179
797538915329376306
707892640083083266
688326702127906840
770425175648239616
706996976822124627
701502504076050542
513828250691043353
673915417953304616
746186563645603900
805505705129541632
694960864985612399
805463754878877756
786031289886441532
666651805651959859
800333365835202590
757010914607104020
771316496181755904
690048624696098871
749335281425055784
801469245099737096
604677552568795171
806517284179935252
528678284335251476
498659773504290847
792591136387891210
774887153758896139
535476960151994370
731092115077201952
759246030993883146
545327078724075530
725125127427194932
487971505955799061
788493365427175494
738833773168296039
814983681209925665
780072244277149696
737306761068937256
804456591214641172
788401093062950952
774953267787857921
780450109213114398
658279918911750144
419568003370188811
793951142728040478
719429435442462760
688833740281348142
564467160811044890
800780651087003680
716268459968954410
635832939921276938
791324653070057472
768106244052746281
538405888088604693
576807286039904256
764486585784991775
803699558164987996
808063284233240627
799378350736539653
701921509504974859
791731475795673168
733664592827252837
795354009103106060
806365359057272853
492248829358243840
661287464819884040
709911242097033277
512230020962320384
754320842426679298
799407568786161674
801869853031137290
578046180148379669
724589294848573531
688506868116750380
690644305601232916
666054045269753856
545730430582652961
809834488829575198
783370903777706054
804008232116027443
548448030064508928
766039781649940531
785732523263000607
807918421835907112
548299194406797383
634518097684070400
690561190782566431
798574760517959730
797571072199229470
720394578745622628
804060790867886090
816772743370244158
681541403024687104
799256522986881055
715693234474450955
518140889592365059
528737016272125952
363851969519157248
376661364929724426
743817541318869013
799764109355909162
555400368868032513
806484928312508416
808612836120199198
783902938829553694
739549275100545174
795858170668908545
807048020314292234
749167464797044736
530351664562044938
531566329514295309
810487403726766130
703934896900669531
629690976109330485
798615187405537280
510905124818911242
791420875895341096
509399263344853002
800132208659791872
741579779609722881
763903730177277952
726417476979654677
702432040145911809
804734811381563394
809424838996918363
300651379549274114
326766443318214656
688186186900308014
797627510791733318
811241709446889502
519574593019707396
803527618179104810
793949858804531210
620397171967000620
416358583220043796
465804610544861185
481372133235097610
780084814979137557
764193866487300177
748294260696023132
590228262714736826
533600941287669769
760300685719502849
768568086864461844
580526099872743457
683100800800915535
705930920145846404
735063749982945337
748535157820096514
205009183765037056
788793757990125570
799252974223491112
793619731234947073
685971995321696300
805920514840854539
646459877232738309
787830319792390205
541632387893690368
804851510440755220
706487899713175594
800407616320700456
769666846311055360
724392237848330330
808014298869268500
654962791169523737
797744149154758656
794813652799979530
654341263612706835
790815674359742474
513153196982796289
737934161410523226
798962725010669628
647219021279920129
440133477283659777
758693777577345034
789922788327948319
697339984382001256
441664083587104791
315124324220665857
382123806002642945
720018794654859364
801078531479044096
805189991961460748
505205051204173835
754861236230946916
657972724219510794
736983675165605979
632389064829698049
675789411450880011
805580646873432090
756219412423377016
611869103480766490
799482066571755520
747342774889742456
787907646111744010
593126612015251458
802982098247352320
780554708539408397
586207878512377856
795314259646087189
772134985267544086
813275834772488223
586502230362947584
807886113485881344
801526503006928908
734224924192931973
762306401849966662
792450480382541835
603779680717373440
615951112096317441
792137402591608903
810188464674439169
774739006410719292
533583965089431583
432610292342587392
414185656948883458
733297298305712189
701039705105629195
778898945350041620
297809678983888897
801899696770908231
795093265186816000
800691207826702366
689511658254893116
603953896129429506
773226365822304288
756526880949141638
768589664113524746
680224100882710528
817344402640863242
662810617568165908
785207160623333416
723561377444265984
553264236709806092
780109526464331796
392411973293309954
737041737444229161
709790286787903599
795378825248768021
804407512014127154
697022708503937034
651263659477303327
677943484828614667
775754626863071274
690736585737502872
757631848804515867
794035574905896970
785522729641574440
809024437402730496
511947583539773456
544706865343496202
723755114669539489
805165052033237012
787844263500972142
684329020871016495
807404203923210250
635237039167766560
770094422318383175
797771718222938132
592508974620999680
702169418561486848
670746494395219988
729533660734160948
788471279052783617
665680295806107763
469943980021514241
530692684759695360
696144627409092608
756261309934469140
609547174312673294
761634333626466345
589876634799308813
601137101899169858
516648360279539724
801556985958629396
804421002922557460
806520587634999297
587559800808931329
589165912951750678
757927126346367037
807246313179447298
428264003781918720
421605613982973952
741722021473550408
770663884100599828
783908098933784576
507557856703152128
758257342461640704
445609428620804127
747772877578698774
800839699870253078
735422064198156338
483195779624992791
724770284531351612
763039856317956146
793903622454640680
797095191580377169
701638831903866920
753980429727563886
807730472331116596
767159630455111720
806554030394048572
447462811191214106
791530612535197697
403396734723686401
464344724749418507
717391598832582719
803313115260780605
797870386703237152
701191697358389268
799581977199902761
734901797763678219
693941656717885571
676478579248463873
712109992269840456
688269461450391582
807232914936823818
794432393913958430
784487972854562857
693649374131257395
435029663182487562
689868715747180621
721954011179253831
802908371438141461
559802014230642698
723983210475684344
743072535016374363
720266276622041178
796102451333169205
364585552105963525
766351494759841862
807667538305613855
610129198102740995
786227691040931871
754397067987648534
580637109728182272
780084741410914364
773857651447824384
792160549055627334
710190688461127721
779108337714724865
630448339925729291
803718684425584713
610171100076179475
657228910605500456
797558182255919180
750523903868272671
735080795936391262
714913892131930124
786728190159618049
275358595279880195
734575755329273896
596406721799389185
664817774404829194
368521195940741122
741000505811271683
789930680892784702
783704750926725142
645889277858676746
478654101723545600
721052525792460842
333594308831739906
666727405049741313
666453338321190913
605111781370626069
231833298060574720
722632980442382378
804381638133547049
623936224834355220
785416020625326150
801340964627152896
746038770104533234
808451641225379882
804333575255752725
700157237527838762
808599681402798081
723031358787682346
582587761198891039
808482612456063017
806962222832156682
799134009841680405
792095880438218784
730896625920377013
534506179213393922
807704057077825536
547225758645616650
756253285039734886
767126268185149490
713788137830350888
408340658189893663
534387631669248012
759027240775581718
751485623105224834
770997595962736690
798496472437489694
811640754023301191
789229133325926412
800737714580357151
677034965279440916
787024794976518185
737657756273737789
570949021573578752
598592824518246430
781190705094852658
803822644671021097
796086571857084488
808551205428002826
806137514079289364
747893831613153418
793981768813641768
792825249866448947
684160457757687995
798701866899865602
687933543887798292
757530167076716566
811301174065496065
733236883089391701
788168861438443530
692527203803725834
705129640355954738
759797142428188724
800039259083767829
799066903649714176
806531688389541888
783064218916093953
159985870458322944
779969137111859221
518268654417215490
811647685144739880
486738473961783336
455380304014606338
493122494115479562
790275216043147274
325354981496717332
804056837941887017
507091352627052544
573317160135295015
756841880632950865
747576228260872293
788974308637540353
759535034104283190
748974211795779728
571734102902833179
801955092508704778
795838307657318441
782306208031703040
809530197044625462
786568063402377227
727227248293314631
482245465522569218
717135188945272883
717798428868083832
617019204587225110
664290149257183232
735548626146689080
807692150438363216
786947527664205876
611160022029828097
722556292299882640
783281505140211723
500655934440472578
533436424465416215
469086702850408449
787559656968552488
798386222531608627
721583810650570792
779843902701436929
642195713547173899
785132230208258088
744109393691279390
780060827549696030
613392817108287558
727991964317909002
805910429611327528
609570704634937344
608766933671739392
796786769077076020
797790536890187826
574223490840789012
767111176618115073
527437145699385355
715022291406291075
803811637953298432
809938889736978462
757479422294098012
776216407209541662
801091738646609921
792317121686142987
597057122777301035
686686901302067467
579791844033036288
674485848967872512
801963309712670752
734016265709944873
305367360221741057
809003382861594624
794832383257214996
753173106675286027
781786372062576661
675900497747509293
705899636170293278
807354780267577416
728960613065424988
782329051640758272
715390301597990933
680564930444787859
801856905513402378
550708906138140682
597387373575405570
791435014923091982
808701962798497793
808715781613289592
702241262438318220
801416128013926443
746040888261738536
742052001512292452
743490192668884992
768556368034136106
806485669705940993
611634174306287616
701249042503565344
321994807440310272
806206020359159878
567591993920847892
790815327692128277
478218633362014208
801483253953200148
750816987273232404
397377333012594689
751114859684560958
812358663817265212
653308795245690893
746860015326855208
591369539950870540
431863716385128449
806094315557486602
661715130702364709
470360898666627072
740366850973761620
791351443017433119
547162184874983424
804794729212149760
806005643202920489
654134823727923211
461605584400285736
767680759510073354
702806520890523658
552840854851551233
602108370958155777
789974203038040084
688915902590091334
788841066505437224
810692718584922152
774447191070474262
780342439063191552
691714149754863697
769543948313821184
790487111395573761
741390497926348842
770390754077966387
748291884660555867
642022305312145438
787431938961047562
792283127179247666
661769496880480261
659494203310604341
805065998704443392
324416439425433603
744634947909714002
796391558530203648
404581207729504266
805394431121031179
545962610311561236
800087904998129665
715674661341626380
795472405178089482
795024966629457950
782876240175824957
674735832644452354
811597972901986354
794326254454308915
804860334598782997
670694992246996992
725272655376154664
642976638556045333
544906451009929256
771072755394674758
754996206786314300
670040304413573167
785106046409768969
797642637372817490
804052810835820564
519352899873144833
689248013775929405
779841955328557068
807380605859004457
626043854184906762
782872133469470761
493823070247583744
806075312521347072
792031431403634708
751653981347905647
769077164959465522
794401204414971954
806674134247407637
809134681811189771
655922603680202764
801160737341833286
655124649625124887
535916333431259158
768271215197421578
724797987351560293
786328241983717376
743283792206364744
570394554981679114
513867252144013324
807859484021096518
779582068631535657
499621430275735552
777033412698701874
737767999876104302
337668538762395648
808192715611176996
715978585084657807
799999242227810304
479409239119364096
597739741923901454
665891852452626432
769436275370491904
665348779632754699
788601438599118850
747937214050205707
757345771971674192
805021805336592404
777691943286996993
764501054191829013
680898734489337877
722653287521845278
761561341029777408
766085542684262400
770186404306485280
665560060415574023
753897662281023518
367782182581698560
718088615695089674
699886205721903184
710545014840623145
547905866255433758
813125277147594842
749059807272501268
721324113049944155
803846234753990686
727607213501448262
796355927326064640
784027997366648883
460051095125753856
623624978008506401
776803080977121330
543156236418547712
736690329150816327
759241612567380018
698192367009792051
799706587026817074
774831250560122881
731833520455942224
563815983320662016
765773948340142091
810271502918221826
811364684501614662
800884861694115860
637688308092370965
752994611454148708
204255221017214977
731992354613100606
537351696217669643
662009693346201650
539978670614380565
466005220443291658
457607711085953025
642751109131272202
775699806525325323
548626341801492482
806338864892739584
707974225037885450
789870548028620800
601190685655433226
724080597064089620
624888026517995520
682598249592520749
807661779488473189
733749812499054713
524450786621784075
598349251030024231
804702291780829185
779844525291077693
737606067109756928
553879541446344746
714937578314399796
575849338811449374
808719673117245501
721282700111249459
767149465885999135
806618500188602490
561924101338300426
776911247781396480
571757023847383061
657604570821951520
360062679668228098
633359360990642226
701653857931100189
688144042609082444
750526096524574822
691379890485854269
782001509293883452
648140754161631242
792442481848614932
564205507720642566
524768192690651143
709827540667072574
803063103508054047
709295519326928928
745049876957495336
787800845332250647
808354675845234768
791620007061618689
693320465380278334
465511467358093312
778528198609600523
792139133141254165
665186370590998528
797289325204733982
537783365667913748
573949295150104671
804867584704643102
498157127047577610
412785116096626688
800633488562061322
661101921137852417
752453547324342294
807753201372758026
765994500132175913
742348808498839683
794019824501653505
715257600937164840
758599521361461259
799972146989629448
407583767880925199
793183748316856350
355438336749469708
783869954440822804
534001162668605441
808752606313971782
527789974410493953
813244879177252965
235282401410940928
586293566251335700
751945857544487012
782800476231434260
681210812978692186
659354912936689664
784934022807158826
792491484191653918
809803951485485057
547945312891961344
786910132478148609
482830272690126848
756325290631758016
716923552493993985
692829872741023794
728331285302607912
776679873610907699
711454037957935135
758375075312959488
725892504641077319
531145167420391454
646957545537273856
654826848634535947
731736900515135560
719295740832382996
759153434329874513
812794333522690058
805938758574538822
497122472630550542
461713946710376458
760488287877333013
760895416152883200
723578842018480140
815241211400683530
646532007618150450
787383759263105034
704159049645555743
681076120388763680
724610687221104742
410997115318304768
797920828985442335
752397230740078612
791942160530014219
684886869741404182
534449165363576834
691665434684031077
568677911599644674
796463153940004904
772484065474904065
675759490410348564
748566642488770650
449899651622109184
703903520163758160
794213370449494016
793421541181227008
801704139175624734
731134792858337370
703938340654678086
572893608919826443
565852514033860629
772127522812330045
712052481131020289
648160305767120916
706922513958961286
580510904471519232
749931750880444446
627753980079898624
766385931199578182
803256000131629057
340236151866523659
466004158646976512
807728908468355072
807716274716934148
695692512639057980
763332720910532608
750828413140467732
463073252412227584
802579430928547850
733950125738819725
524672412478865440
597472351457771540
782337245927047169
411569090080276511
803444654564442163
318581720926650370
798782031613919262
624193418444144641
697194902580232323
804824213868511273
787118774306078782
805949107894091777
700012458927980577
696583189749039124
668385275126480916
767146020349935658
613654768803512325
807204981001682944
788516300862783488
783976171687772211
730911915240456272
793640477320151061
793582512621617223
796061350065209415
656183336208695336
816113339490238474
780372477171728394
729006962930352209
773584337391058994
749572535942643734
807972695127883776
763209330551291974
754359345751392339
796751407143059487
670791300370399302
781285936621027329
692158428747137096
366082269506568194
657763853836353577
692667110928678972
793224651128045609
764509508067917856
797147000826495016
799131757823000656
794051733398487050
578669017825542144
813787761999872050
761979319773167647
667476989917003786
813571796359839784
701848202068099112
744655212211601580
802278025357295667
781231502649589782
705441602440527883
341452333990936598
812888246417621042
809079573613641748
715716500102578268
805032308192444427
781146220663406612
565215833593217050
689476057828556800
371941864816902145
699034741151760455
531876567526146048
503430106333577216
800902596793466911
662419984064053268
495023305330393099
617254732326633482
797136307825934357
482142756991533077
782475028624572436
800905641941794847
651845716595179550
736917963311153173
719312035686383626
767099519279693844
757086700051628052
733698307674734604
805654789564137482
726689966863810611
687263296608665650
663395654390775815
660499768132501517
716591610753712139
455521297439522856
744351725938409522
807141094713851954
782652885628485642
507283353804996623
777274181347311696
792107623424065557
722965369710706820
601469680346988577
717001041484316683
785824963588390952
214190894532788226
702215431305298010
797130925439320095
605487242139533448
799549689804357662
714247364910514276
735978355652034643
781694269916315658
728785589289222226
519365142010396682
736736983510024244
795962158197375006
756500945629741087
730447758539882517
779986697668001793
706318502188810270
544652328561541141
432969427571703830
742493369976094760
758449272449794060
366410302776147968
758729806262566953
790177113609076756
784452135306657792
798299450308165643
791166867036569630
789902607091105802
793898561137672239
813759752516927530
733972649008693248
814898856630288474
777879680434569236
168434810233028608
742999296382599278
794317912281710602
749926828638208010
711835665897095240
771692502209527818
667847190445555742
792882273548369960
699195043629498538
802738171870707712
689851602890522699
677199109655887913
789018783062687746
682853290308141057
725772102753452145
806608989193764905
745358325763276880
800722216869560360
671894569658482694
546537097423749140
757439668408156241
572895969067401216
599151495274823690
789916389971853344
712696319688441946
731284489870901318
653952145506435083
694308082280562715
804062036489011241
765313095714603018
775269552815603734
804814107273986088
729313012686782566
326917979709374465
795868089966133280
518439810407596057
464218897814388737
624193835865473045
624288154039615499
793966880893304892
745984579852173426
791225128242905128
568582262673637406
695017483270094949
810322375467466752
526751013290377218
747556196071768096
795022624677167185
479075389688250378
757400934983663686
817421453254721567
667168865565802513
747966162876498042
712052454933528647
647060426512924683
701253367749541970
692650669374439444
725065729736442017
668218264047976462
809331596062621726
742652496421322763
726891241282863194
775831931534573578
752599015702397040
656285815059513354
800887577653149736
682674755643637775
447346384258072586
773930456688623646
708045315663724626
782415562289971211
632373467760820226
780751476917010482
531996936803450911
766319447307845682
668648243621789707
788422930576441355
795379194124304385
804139608040275998
780582363250950154
790717608810774559
716716222552473630
764337193346007061
691797121476722788
668524155641266215
794262904949964851
804151544659574785
811684207591817216
649407049544761357
793154917652234290
754735219096944760
791009531295170572
751868187938652200
803080672163266570
799627222813376522
789364171702796289
807365830420594718
778686770941263873
791302048448249856
570710445560823840
788848841607610439
391560528562225152
612779878554533894
774945404708978688
805513165194133524
718115780159602783
768819100537192470
806257683542966310
508794215254458368
802186281824026646
751905475200679966
632793123004612618
765766764214616086
779525153293336598
798194917649809409
310291834125680641
792981598801887282
810170504375828540
414392914370887693
713855994416857181
408752747937005589
801463965212868619
713873022473470062
812392868290232360
628634007856349184
771030957271810078
702076673671036978
741388006681739305
526688373696626689
799723787800412220
510016054391734273
522146805950185504
324502311135084544
744332973788233758
595370286338146369
757139367725760622
761957153120190484
455311883835277323
774849661894656021
814469068001378314
496771576038162433
760564170135044097
807089157213519893
807805281953251339
667456899255631906
278151447806214165
762547834230407218
721823768032313375
724313046666838097
765412364149325835
792050251938791436
753597664418856960
676267936717209610
801094375743946782
400737125978472458
587374057700327424
586934231184310359
787221780997341194
644923898634305567
739152084657504276
482025401217056768
799250968561582110
665883297120911371
698009598992449566
805544329488760873
553953645591265291
812047847272087582
704397759314395137
564838309319147531
717761472582778940
810090083138797568
768278511096954912
520688392409972737
728484383996248124
806305404903751680
369043572525367296
553626327618682880
775546622795841598
756675819643994123
796503039509921833
772432228500242433
802278863811510312
728611812630855703
745763419973746728
798174639243001916
460522281115058176
769191133845913600
790589515176738846
764889991377059860
806165142957719562
739173216169492481
597199370768875520
808450849034338366
807705676053741591
708642914707963926
729589933513113621
807759950297301052
715154465073922140
803961714038145025
808108091304443943
561179940737908736
790336074215456859
807931086058946591
442820582929727488
805225262777499648
458276816071950337
807023994195804190
620561530475511809
804403772981510175
793857666278490132
750326196268564533
613365061380997130
716729222810435624
636652644882186250
312706554732478465
784630083323035700
692004810077241404
790831372050759730
772313377909112873
562334730658250764
773900059905490985
691649666303131709
764773897382920222
781879965032382484
763230408699150336
394316311423090689
732657085963305080
806420596057571369
796050142712561706
624246645952872478
804856591458762763
347816269870923787
645633360021946379
508627683975102464
576060921273909248
551364789042151424
798910392553308161
808140841326870599
730795847029227640
574022507330535428
660799441028251668
786080121986613289
802901677724008458
808099345140285531
614303622322323483
802232188522332202
798891823640477737
591184987135410177
767676397145423884
413376757123514369
801113065411313684
527262579396182036
727575612516073496
637693338983727154
709778037410889820
626164029878173706
572871479968923648
792070454693199892
563016002963505156
747201261299957760
607474977222164501
806227235748446299
805356728023253002
760772141788168223
747160845166837882
771080284812214302
726881799392985149
727208287543623720
458630834656772117
791326209106903070
547907138840690695
718108716133515294
791368365363953705
628641834339663894
798686129804017765
792404569082560532
809055610921549845
789915864488738817
771844620362448946
531460033729527838
524599428485480449
719582384961618050
798029217010548736
815694697603137567
781724143313354763
786713499983151104
747503482742767663
788093691516026882
698416796939714570
701111733682569234
766282690101772308
790639789888110622
601546499800694796
764552650317496320
582944612474290207
726721550933295144
805868390098272335
799083580055617557
709707988889370696
795691014286999592
713318188737364030
777690288138223626
748119769911132301
775233506506571796
802275428491460648
791419480268865577
308034290589892621
466722271814483988
805261022444781638
794108469854470165
809345340733390858
580894352688021505
742103937053622284
797836233590046751
740717114414858260
808874834078466059
720384108936691734
807817477538971680
483345087867387939
761192242655526923
756946988540624969
793187813406539776
448148574526504961
649216914760925215
799534558864211978
473370418007244852
807645167455567922
603108014878097408
809738469524897894
536991182035746816
539022195133775883
735833396831453205
804493861853462558
808451498052026368
569311267362177024
537060582176587802
808383209975971941
562139212988809224
719611336639643669
767335491598286868
711296887009050634
773735600666181673
455428551341244417
715209048571641918
690959859398475867
613304400651223051
696853810185895987
789881723093647372
712381101993099295
767528610307113000
722905637301780482
792077181600661555
763057240655003649
651912913736564737
783412896612483074
763139525563514921
796518637287899207
635169788267593771
667755216002744340
524311316865875984
691099289115558002
650361506365702166
801984638812815370
808233768073822210
795713686353346624
690947817136455680
798176464759291954
621723521705574411
725043762618826844
708114134499065856
808956967112278036
605988457222897674
776987972414865408
735045645546684427
755526699751571518
707354833585307698
763796664279629844
807108850167447573
617811697264099561
375544878114930698
803341547151294464
707770107115339808
574264856631312386
727269625347440741
805991604518518784
582017057617477642
736837028259561522
713498312317206626
774987446261383168
798550409546956801
370042998366404609
615265181156638734
808744808016248873
607642680293457922
704008254274928660
601691695188279306
519272040608301066
554319173023563782
555397481953755166
399710378369613836
592053206121709580
510839290050117634
697568939978391563
650022565212979200
494597625937657875
735970643186548766
711126529983119400
748934572187582525
719408711394918471
753459090340053132
807743257316556820
787357423392129065
703975295874760826
786662894846476319
709115930700939305
437679737926713345
719993869944619091
814186134908436480
759891564142133268
756869441115127868
493892770931671061
710056203547443251
727096219045986304
731371425994244218
639217875156205569
740470355960791073
783676260919541781
538173290557210636
617128613447467009
756178898223366274
651488778430709820
574170855907655698
744475073703837806
677618249730490371
595150414882537482
