761412851104743444
814603217157619763
814602352135766058
814510313516564551
814277786294419488
814276493000835083
814276391629226016
814276304035381308
814276209751228447
814275673706856460
814275539938312247
814274767564701717
814274766848393276
814274766068383754
806250099805913119
814274765296238632
814274764440862771
814274763198562305
814274762306093077
814274761727279114
814274760741617675
814274760057552906
814274759118291006
814274758064865301
814274757372542996
814274755191635979
814274754906161183
814274752243171339
814274751651774514
814274749244637204
814274748400926730
814274747486961664
814274746673659904
814274745737936947
814274745045614622
814274743930454077
814274743540514826
814353593926549544
816005776878338060
814274742746873896
814274741967257642
814594986161995847
814671830521610261
814274740868743169
815999982233452615
813584982068690985
809799884869861407
790347688255553577
811438716622471198
790346329935183893
790344422674923543
806354087426654210
814272703766855741
806320704047022091
809433680778494062
