823226626601910375
823226648123932732
822407641996591114
822406379305959466
822407637193850921
822407568181428254
823226635225792523
823226635704598529
823226627936223233
823226635141906452
822408578605907988
823226634411704321
823226626409627649
822406461677240340
823226650002325514
822406863421046794
822406806508142612
823226630381502504
823226640716529714
823226625927675944
823226650770276354
823226624845676586
823226651386707979
823226645703557162
822405976769953803
823226649179848705
822408005085429770
823226646579511316
823226648652283954
823226643631177728
823226647099867136
823226647620616262
823226633246343198
822407141515460628
822407313231052831
823226638434828350
823226631463632986
823226653730668604
823226629521932309
822412989083680768
823226652938600518
822407676037300234
823226634231349258
823226628624613437
823226641441751042
822406446515224596
823226644310261810
823226623804571708
822406819195519017
823226632416264192
823038588224405534
823226638266531920
823226639286140958
823226637172473887
823226633749004298
822408022328213515
822408244386594897
823226642561368104
823226636664700928
822408868939300895
823010326306881566
823226625478361088
823226631892107264
822406893870907405
823226643023003738
823226650182418504
823226639731261440
823226627466330163
823226630478495826
823226652317712434
822407864441896960
823226624531103764
823226637780254740
