820982938887127070
739230930316820600
520950604311560192
289060639010455552
235148962103951360
815147522997354507
561759117631291392
741807239572226048
241732731250278420
797237500892282920
700741360671785060
559463842468462707
700805010551996476
789591137744191529
352258094274969601
745399928649678958
746820893644292116
649604306596528138
788465321019310081
759806804397522964
368941197944815630
494559849938550797
778986595251912714
769914069657976853
540221966661976095
523926090557947914
671490568244690959
818719503202385960
756389793386070067
796217171922780211
756739137003978765
791577936511762442
704478878860837005
584500085556248630
399586420626423809
472911936951156740
814607420507684864
653342656159547417
660383080053342208
456957564056240139
793835577031000115
808346586639761448
777298075718123551
689573665486143517
783718056228290600
562117770158931969
793008845848838145
744792334448984126
785930426992295996
818711681625882665
781322885498929152
682293552327294982
277315550147772417
819145410756477008
735858943246598145
732944639551602708
695895511495868426
788800114302779432
763617554748145664
740568974575534220
792088777509699605
818723504907354152
766707331002007603
602556376752848918
819145895459291146
646203384126504974
786692290390261830
816046300725510235
708291849617539163
396427727680438313
797993759324897280
425132069010669568
794947486556749864
819145976484069417
346102747768160256
514896795374059530
639249093612404739
798379454329257994
766803077415829505
637698399965020172
792170822944555048
719297218233892886
668315021658292225
310119248083025920
797958341879660584
797926614050275349
768702963006439425
797809062116065339
763775012749705216
662823594421780490
810588654501625917
753407674791624725
649457782730522646
558454565876531204
347190006726787083
786765219774857266
797975441398300672
545804844221595648
470179671988764693
780889288061222922
811495306658185216
700091458350481478
760985089659633664
727744860098134049
665276306971426846
759094697347383358
395070968923553793
781947338218012745
346112857429114880
795933214899306517
686591789947420752
300654155822006284
806956822861709392
792119944325758986
761857863525859339
701496314780844072
820828194738667530
725600585839280169
557126012224405514
787750956624379985
742556329809412266
738264240447815742
754568442618576989
598911404241584168
694172091351564368
797929042547441714
793235996551807019
701127644640706571
792548448305545218
754423063134732348
530103794806030373
700735864384389220
796157814858579968
283980584139620372
541360285445783578
186319253484470272
811204418061336586
513137622974201875
797808978935414787
765856501855158274
797412647276380201
534909988888510474
789355123238895666
767948661455192145
542082453704278078
474325520243359754
810062520311349278
814940466603753472
756595195897708647
660821210959183886
604121673150758929
794332105525952512
791055567689875478
331610535579615243
798248334124908625
779474805518630973
802666786365243412
803761549361414144
328971513094995978
756370624233865237
474717582759559188
696657077740896287
795858405297356810
791970328641142794
102355555149971456
799040528309157938
525449253267439626
769984858130350081
599524331143561216
624619290288586762
662492623130591234
814131264419659806
669823471169044481
748919761152376952
806632953815105567
714338131708477542
529815064090509313
816041506498281484
718839240783299041
772484576689913926
816048500945059902
796140558141489183
777716309257486347
821315500684345357
482883410138759198
776320634857979924
797973605233066054
536475134656249876
761140499784269844
784769563928559647
816042153020620830
700142769691427007
300101322521444366
671159960968757258
264485568975470592
360519810511273994
780980936904146994
551818050706604060
242730576195354624
787935557694652426
773956587164270663
395369494547136522
798969084321464361
528542916642340885
759162720271990804
816048320300187700
655969304302321674
769404694039756822
770304471874928731
786656218310508675
388377673782525952
586087284328235009
725298946666397747
415378762293837854
697446097194582036
789343414265053205
700094757954781224
816041952256327730
189779665848762368
534586987244421122
724882049856438353
726304646095831051
764911314333990942
353769679942320138
812825768991260732
410441679766814722
761218082365636640
767387092304396309
801526660326228060
743348048251584534
771262751930581002
790442332485976064
788122964243251250
761744732778921984
783822089559605268
615174746887421975
785804536936923167
796512415726043136
340578753803714563
794395465558786068
737039255376756826
597879579725660160
757012992197132318
792555621941248000
718989418815422495
773780915599179806
443527489642430475
769529218055929897
788257222475513856
793122224420421642
725834650513309717
819146251156979733
804939668474298369
284084256576241686
796692836903944192
659703344184688640
816043199901728778
773598992352935938
578233521676746824
750104042901864588
738361195387420773
744279392267534437
779442239536627754
703415224325374002
797406817465401346
788911754071638016
785654891426218004
464769015731191818
797958950241959937
699743513298075739
628361858872508429
404373677338132500
486548331921801218
745260415230935080
792266726473596935
756181810307923998
785282491916484650
795424850814173224
600056333726646286
560819233882112004
649795806941151232
800577948003598337
816043992679579672
774325479955365888
376589286222594058
818241082633617448
302203621293162497
806634478041563156
394248297503522827
472559222534569985
740407876052320387
783382185553166366
724767197976854529
768692711397785631
595388471665754117
592882982147194935
782371089228627998
806617461674737725
635521463704879114
504425041128063000
792562585131024384
725132217512362075
693820882531123260
735254419804913787
800393259401740319
287049727734972417
144437977261670400
550592609014513665
622443260043984912
814920864368820264
342053185759739914
737396819624984796
792160995531423745
737466817466990704
416809887679643680
736238985784852521
430207639763288074
429734238447861760
396034108217884684
508438908342894614
762756852101414932
584137506015019028
355106921033891842
794616705078132817
487308267769561088
795820320925417484
774460437005598771
630167624751382559
493254601181626370
797931470483488813
694664004668227711
769529649641291787
758803782699450409
805552985764659270
589959464560492555
815229107323011133
455032425299312640
689625213041770591
410248962402942986
554104407722295306
770331766316859442
712826785707982938
506863290199179265
694939547045462017
555904266993401872
300728231802175488
752484384279494687
780988580159422525
692894801116528732
804525530505281566
800246871951015977
275799701679374336
381977080247615499
681264582790086657
722165735094222848
764423171716939787
673642483061620766
676040970759962625
727786859526225990
482630694754058241
652224318922686464
775694553570082846
759980848086515742
770206980530241540
820819444132610069
667812414003347497
659513121014022195
659292762541391882
709665147387510875
574046497302118403
770760182765715543
650029236018479147
688243061645639683
702843141614731354
660024069286264835
819146380773031946
752235730180374570
797945538347532309
716488892185968692
763694876037480449
388056133480480768
798342611253067817
295752748421480451
699583589704007692
815226658754789427
511751413056143363
789132067719348234
797933291323523112
782283852865208340
708400974238056638
545726205425352704
699685010671927366
528716937090564118
730914110304288831
782463719757185075
684503209171222566
447399338159898624
409075003871461388
725920667689812159
403610023428751361
651170726044500040
510232560442540052
817554934106685440
606690437968822282
746131200308936756
753304610671951923
582355233221378059
751471844460331049
536655695517581332
750061749385953291
804399612672475197
716357435110981694
473531170303377408
821666284096716853
391671921084989450
411620914954895360
651599797735915521
796621364999749652
506920418930589715
482969291575263243
419254327774019584
817161734640762942
808192314698104832
816045173082947645
760775183442640936
333350965056897024
611550336150274068
528648739095838721
818716886279389200
353950876379119616
499174776552554496
362693387293556736
742523294539841558
795165188273078282
794955087734243348
669443533819871232
774431567447195660
384103683828482048
795486457950765117
383473734599573504
538811282514509830
767818935662805014
492769693971775498
427252936780021772
774820847709716551
801661603871064075
761285314785968138
795159534309343243
805307456132874270
690681106462146664
797977883385528360
630796399146958899
811489865786064916
761221272498601994
753066554089930934
768494572950651000
641314437361565706
797809458548834334
800770047978766416
577233425975476243
792566575592505344
796775647694946367
810934765632225286
676849708538527754
751574971071070219
816042172582199376
797952248818302976
678682823145685028
422577476754079754
675815649624195072
773704764906668082
719354002369937518
697943366289326080
649415966203183108
786349665473265686
747636034673705141
796820562013847582
417486826366959626
512567701315780609
793936851727548456
413242050058911744
650740327585415169
722856677631852635
757585533827416146
795637866188898304
785355985581637632
183667112374435840
689297527518003253
519319849902538773
388867657383936010
761691155292487681
421523650320269314
812762821740724294
754544129324613743
819146469063786556
768197103942893568
589424180450295819
613973244348989489
603600936178417706
579524969877209088
553299656403058708
787519962155319306
719978176251559936
731558985672425585
794311686529875998
641832769999077426
797976661617803294
607220320981745684
797809234602623047
811494729497182239
757694637774471398
782559387238531103
788351337808396288
811485138143412245
710316915901464576
706623505772314687
410225906620301323
414756388032479242
501045406055268362
460913203614973962
780482062096269353
820846621851648061
704771588976803880
792721785375293450
701896464120414220
470434542273167392
751590963499237398
736917864518516857
730347873555972116
816043371121606678
477100106022256641
526062801874190366
494349035088642069
754206372899455007
796457360297295893
744989162716922066
484348250909048864
284797666049916929
761643595639685133
709563856166584441
664564970645749800
627895274362372106
798339779427172372
598711338037936159
703486834474221651
725161931631099924
711596080814358589
797297846021914664
801666557636771890
813619809190543360
797809140352811059
700126270528159765
464100030782111765
797809131364286474
562447608467947520
649088657965318170
588815819903991814
789364448296435723
524755908635394048
639156975053307905
797809105024712714
584183517722968120
715793732137386034
551084911843606540
784687770907967490
818601564875915275
534032430529511442
395164993718583296
550408325364449321
698137226122494052
511268057927122957
757055155127451709
614977510924615692
672242508239077377
802723702809821214
712496603432484904
816045754249904178
797932685267828777
218839916463915009
584617022239932447
798991963789590547
688458156300566641
784532552978923576
468281173072805889
821721439384240149
716833162432610364
546746240855965721
393107538599477249
738590108344647751
778301882887307324
768822272160301106
605764235862999053
732051545134334042
760522925035094016
302626341373607937
819146066149638154
593629072983064596
695455891453116416
754883591867072553
811490572887130164
714452979561791538
568662204128428032
799964394347954186
621855384587468800
663092172417007616
794438047247761429
488099208105033768
696645089186938952
576618223781412875
729662145775534144
740006312099709078
527651033086820352
779040362277896252
797598552628789281
795866993173200927
704421641450422292
541389580021006345
664268549576982553
284372806534299648
751860596672037106
485643416265424916
749654257799659552
607669317236031533
816044035139305532
771093295921233940
606745080350375939
311274290244747264
796748264610594836
776814789367169084
762715250595463220
771138212516069376
712370718947541024
620116910633254934
805004334148223006
507926680078385162
560533919066226689
667076703973015576
475767697708417063
591682619998208001
797934516752744449
788496139170086923
775067203842211860
500771173689327616
753001118820335748
697501787254685955
670378805902442518
480046203153678336
792959030128934942
749048021026865253
797936352687423599
744749496872861717
394519113948725248
663811149682311178
710882296970084353
714902181584699454
770715801224478740
743542473082535986
419994898998099979
519931045089509405
657353885136191488
784159721958539356
665860541914284042
493307661215858702
100263436700647424
693296460162400276
679140862546018304
328725418045603840
340319988852195328
608594594443296770
755351595629281290
409113545372860426
746420570702217216
815098010131759134
797949201543331871
706822644791640075
777024177659052053
788412916935163924
637788958973100045
579329504187514890
722364477189652480
371034493609443329
754405122036989974
798959420109357128
758805629539844116
821659569268457492
688567894254157926
760235672627314738
723678646606233611
797809130378231808
756703756871270410
619239455340888074
636482062861205504
786699261961699330
416961554026856451
728719564862652449
276760300861128704
170982680832245760
779648700372615219
817355976867840010
748641995689558040
501399441522294814
769377427645399063
796844240214163487
800509596804448289
313078096733667328
811848676661657631
817101546722426901
797809168781148171
623316913551835146
523870862223605761
697907787493277798
723068826379354222
235088799074484224
821358634457235498
770461746011176981
704845419561353269
766786806070116372
717218486115500072
762059338624794655
737616483303030876
809490571869290496
744339007453921440
761616490067263548
542739864487985156
728120724627390487
797930256802775101
818725494974447627
759896407397367849
658517257839837204
599467970720169994
756259370186178641
477168188170174486
528813056197918720
251052842830266379
601750137831686154
721537673885515787
654724032427458580
738470357601747105
800888984515379270
743288140248121426
792584118734028810
557303299020423198
750753238638133260
712133850922221568
668697597380132874
402189168815374362
702209785009012870
387615015512834053
442819741049028629
723142357704376352
772673248164839425
798716829924458516
702258375064551444
790263505995300924
785165250625404948
796673415565148161
818716141127204886
752814635983437835
733453951671992322
800522811411267584
705550999632216125
708812364065144832
584375893808644115
695262117254791278
501653459423199232
385974432281264128
745057920840106092
810771537019797544
797963228919234560
422037250520383489
818739387902197800
308362540017123328
489113750750756885
711614424867405878
775787233415921664
702379520875036742
737124506971406420
761022128123936788
729796245824077824
317361576162099201
818728035351003166
773933237222375464
737449545612525638
799261700356440095
762279602034573312
771424750459158530
567972508976807956
818715527790592000
422786668949667850
814210726302318653
797285943840079904
691712891442692186
747560943940272238
305367905187528704
762033372360605706
729724490124099585
545452787178405920
818733921923104798
495645787963785216
634817337178193932
802037122617180220
797964447561941013
543815815317815296
814713990382485546
545051008896860160
797943698033213451
776650336303317032
727054208561315891
330194933711372288
538139983631089694
512703432415772682
814961561722421254
788577217431994368
814913274474790923
521453322700324869
795301436803121172
775070610958844005
690760395215863838
489258837833023491
781266759457439766
652758020870373386
662094909926408213
713369672506146876
637845777221419039
738257999704883271
533026472844328983
511294376698183701
758717042173673482
792917709989609473
328006669340508161
249313551162933248
605061034419421184
797930863978872873
493716749342998541
458569144204525588
618492796575154186
811481385256484905
734107323630354465
294882584201003009
781194573350830110
817379464824619088
747361476439703572
758817744836755476
687444434257838081
510244734921474049
718058042079576154
607249932486705155
786157130176659466
787016980967194635
625027245928480795
483992308010844210
742758300805759097
785572488515944458
718465769691938847
500704047469428737
279702332261007371
800159503496380456
818722283900239932
546497087815024650
817265127514308608
677320041984950282
816045002010132481
697459607664066640
791563441704927243
529271329715912714
691497529467994163
821531926741254194
484095526145490944
705905724546613288
755998156692389995
709906711477092396
776353357216088076
270904126974590976
655597886322507796
536275103684624406
673586080523747334
818727413688827915
695822772856684612
731835784067285032
692926815966330932
768685778451693589
777961098396696596
595738053360877588
818713047467032606
745467358339924029
819146030771208193
694081635175497758
611805693359685632
657807340208390154
634791425971716106
594397856832421898
798644864316604496
732608046055948378
746614754256093224
647593116089712650
403299247937814530
557611458175696917
818508239171354674
430075713815838722
786006528993394699
385178914496053249
708446408331493476
642464747186552895
474264139556978698
730486206525079593
742665409144291378
771782094443642881
651682035852640256
544005197761085445
698998568111046788
792460987017723916
401046859738775552
810048538213220353
816041205611626507
691038762058121307
623127320151982080
577112437980135435
737874482043158598
771617210161954836
796429113522913280
521027166255841292
775021000047460373
702372536452907098
777779844011393054
445285560529977344
821578612343308356
795721040109240350
659912533150400542
766091248909942805
790998754231975966
740379213772619929
620132354194800642
709183320637833316
770360242726109254
715860605038362644
318051517863297025
788528202795843605
683353652303495181
485919627294277642
521875048798093312
776895618878275605
646639050106601473
692183088289153027
322450373728272384
515737581460389902
216245963851956226
818709708394463286
799489962470670347
737794076484567101
792269023122423818
320538085492260865
324048311164338176
733040622151270521
567225406613094402
814831103454085161
733861487533097030
820645460007321610
816043336921776232
797809222363381761
628158111420776468
601840668628746241
720805054809899039
796140221367713833
767163891959595039
797538928814850070
768913255472562185
819145691577450498
729644599504797778
771856440545378324
740032914292736020
755420371917865001
295724148242776075
755964860461875201
171235369059090433
816043485689675776
762994110335942686
676168636876062728
811295648925614102
788282156333269002
693213980398846062
505610902431858688
731594395945795726
334803854958788608
483629833583198228
573461480733933569
807391407908192286
747998823023902720
765764263066861638
822170809955123271
818714950263898132
402334661495488512
605283716058841098
579044541709942789
774598043470266420
760675875322200124
815224690443550760
769675729423564810
589633628258959400
756186445437206698
792981782970630185
465281203906412554
789586237899669515
745554088195784776
786720101750800415
750193045206728715
713884679652245585
608362972535848960
549434432424116225
774567162118799360
560193435399618616
704480244853112832
498989919885328394
678370403042721812
708480041016754207
726146465495384157
790895196791504957
697310210519466034
785292301438156820
787359232902168658
456302846514692108
800523421243015260
815948212997193770
665802661169201167
772237697925906442
710912822971727933
799516781239730247
821701095705411584
433016427491098624
395526202967982081
805616843561631747
774144647412580382
772182090325164053
712140486717997136
746213432449040464
707442182029836390
757382152634761297
750731366429098106
435153314456404001
725549587674169375
802034814567972874
785988803922755604
346353957029019648
804553345191903244
782715861299101706
814998794454302760
784686991001387028
493757908065058846
721762753911455784
807691413172912129
270764963482697728
766030419631407136
473582133445656598
806449029814812682
771181744677453896
283166005931278336
464869017648365580
702082785707425813
664294591876562954
549119926749757460
660572531886915604
797946756783931412
295581265296621578
818710936784732161
531535843505209353
518190313718677525
659863694775287838
713876782209695747
695509898326179860
590664389942837268
537027335850033176
807028323590078476
426927662649311243
775372776303230978
721384645089951754
788242675080888352
735641558954672178
821721850173980672
585200072417869825
565883118217723956
584130722298593290
679595010664038435
426507302930219028
792861156560994324
712382694977175583
726720450465497088
758694105076989972
747540575041093674
732689732466901053
738898569225961484
699307345678827600
747176412871393380
540258022933397505
761662156538118226
559805489383473153
797923576644501515
691126912466157608
525329066799267841
704561967951511613
756316790983753749
300391554961375244
816043541301166110
675475526261014549
819145637433311233
756684698041712770
759661071652225035
732047640224858123
402470748888891395
409045585828642816
786782853978390578
704687995927920690
799785755714388030
700109546659774494
727196911920218294
749044849877057614
622984933731991600
713346483122077756
819145948310798376
815301678109950012
302050872383242240
773020777364324403
819145974717874187
812492920158421014
526943810463465482
818240520698200108
700788339556614165
770446831293300788
155427737694109696
789128377977929768
790086104825069568
705070172246900888
795205637596119060
710770560493158411
548561270379642920
672929840235806722
519895573671706624
822298342590775308
779478894188167189
638167832911282176
291683578125877269
783540490732961826
804670389909323796
797968721233838080
816685159914143744
784488282792525855
811624823452467250
432761216872742924
743652107122376774
744097674088939520
567092048533127168
454714043219968020
462670368952418314
773696730502922250
816280322098331658
593283627601887315
748868843715297300
798083010749923378
751910899979255879
788866653957914645
797808998438273045
608322951888240670
216347506034868224
624337388209963011
287013005265338370
812045005497565255
733669660393734245
620747289983451137
782044119475683329
799601134171062313
747576347559461075
747648168589525106
719045698783281164
510933485897252882
793877217318010951
767461745421713448
717922162375262238
350723261648076800
537493730501066784
498173625065799719
796204205160923178
577531916409110540
727263444788576346
778674834598920203
524903818089988097
739273632831897651
408785106942164992
777338324481998880
769028045045760032
718657710861713409
766846275911417856
537461231791898625
719595237911298090
758671858890833941
707391551302533151
683873279194169496
425074842996572160
802033793254686750
746519042822635530
766318030741045258
679099148535988232
756094108766044211
816044741794725939
807385929370435626
566096607888801792
743058019411034172
532799461479546881
517274080232341504
808022293947088919
788915993305022474
717471786551345203
698781288643166230
763136667263041557
770019742366302268
760949135951134771
668538977141391400
790569707765497886
692736368282959922
558066367824134144
806443009449132072
779404110775582792
741145565965975594
546358376351793167
568101216245252112
713172807558627378
804575295779766304
620938698367828009
450445284720377871
715619987577897071
705171582326276106
678391367210106891
693616572824158208
370890979974053890
759815180745310238
730960463323725865
722248261229871166
734122479861104751
657338761902030858
749000617313173594
772034921547169802
640550203023163415
774978840606408714
545660383822872576
761081258734125098
766835274792566844
552643792197517332
819146359377625088
819146383083831306
808753706396680232
819145995509956638
415639678700748820
755870475061690518
784406838069297203
429468669035413514
481117276096036893
694423257226412063
550383742913609778
813167665585192971
805066378859249705
765236946918047744
617710952162525195
681209128932343862
752631532560187463
614862916801527848
422129987441786880
662368895692308500
785187028966834177
764934835453820988
811487618604072971
383017148215328770
692430223349907537
804504398687502388
554111300628643841
819146466173911053
797539735190765569
749115681869398038
804099009739358210
706318916070146100
724867897943654500
721796083080101999
321662805034008576
355888748975620096
647609169050075137
745244407401414704
794085833581789235
646442234618576916
761829638162350120
783749337309380670
795412243105054731
559573976528191490
755453330917949610
788453449301491762
797809398227009566
757736466293063751
425042955099963413
297870706136317953
813835951675015191
788909614832812043
802266656985710712
819146465691697164
766905232604790785
509400545094533121
696608615716487228
797955906670821407
450101067468767242
816041579768447006
766645314719186967
774016435617660938
797927221255733299
800942607320219708
667017317015879681
785343247031205888
776187021605208107
795932997006000128
797809072367468545
760499768542887968
749577437347577928
616704594973687809
809086230574530560
480515808469057538
670772265851551744
403206721411088386
761307499176656937
347594872561205254
760203317615394846
694963768693882961
738806073410191381
95885665425690624
564318002409898014
782126700266913794
293865258865655820
685732462600781865
714776789997715556
503043551974785055
769339061101264906
686769114433323046
548754982787088396
663815177560653839
611309965155500033
247591590976028674
547469592612700166
741738234949664879
198815434504536064
589807693095763970
665927645954965560
699458845935927366
691520330891657286
764359752645476393
730697645374439494
551231708989620224
513513134250786818
717155337135980694
770662875974205440
761599662473478146
711259491865198752
797950420403748878
778126968125521920
677347460003266570
750501617270390965
310786054544424962
368417454910865408
727292111052865588
227099822837071873
352327252060536832
805570689892614174
255912922541195265
759380108208242690
737683005182705726
815303924763721798
760713942384640050
797407134626611203
701684061470588938
487713369944621057
803705375840010251
794387799112810516
797944307226509362
646150671644491786
693628288064553002
617862680170070046
770869778624544772
731374405812486256
527721625014108161
528459463041089558
745724039422672967
821372164262592563
797957124323409941
748183050252320778
776930082983510086
528810189298728970
539744228457185282
662838592221216813
785290985948708864
743471960457084988
200299243213160448
731877147278442506
547239092384169984
690170399786532864
329353444609622017
364845841686462465
368782310981500939
797948585403744256
796776992263503882
786743936961871873
801599938072019008
811490511973908551
801667751672414208
773731771430469653
788360525682573332
431574260499087364
704049886324064278
558758446355447827
797985213115793408
819146740963213332
475494156719095828
764474745382633473
803794620944613437
442082217578201088
586316875240046602
797809493789507584
717639844414881845
782003576318066719
692749566138777642
816043313651777548
798627797152825374
541482616440750100
819333693403168851
791892216317739029
815641189759975435
751375204294459472
759209386370924586
691418426308034571
782372822831595580
793294583685054484
393880880357310468
779539948507496500
687031994407845940
693566238638473307
816041673066414080
428229703204208660
642811291085570079
494630148847566850
758848754266406912
760969534131404811
715552145365008396
797614771352502273
733859295044829214
731223626912890921
613719156549877779
409451096013012993
797809262340210718
736030390728392775
498327173795676191
554335864348606499
479485536281690134
383388673741160459
782829748854063106
532834046443520004
392022509786234882
707989613335019693
758359990347497493
678271713045381120
647830966689333256
711941309455270038
811487102880841758
692222845400514580
785538420105281567
721124812982059049
327225854230921227
724020184213487717
552293003415519232
503226970130219008
695665781769240626
773136573792911382
662449125656100894
788111326895013938
627279604276658196
755225234113822832
619643198431559701
783467043009593375
577512492989939733
387408103861387274
800701256728313877
511648115367870486
692962055522615326
785552947189907508
811805033858990090
486085050136395777
521111507476414486
708478215588413502
745695814906806404
814660311901536317
625073409465909298
475239035820965898
764288248980832296
797947366090342400
610112496803512351
716873888440516650
797928435049168956
797145672255930370
750037236095123569
742825856564723882
779964078067810330
811622140712321054
768904589490651226
689169321045262372
790985174534848543
779464314511818753
450783025756635138
755198958128726047
788118371287433216
795869379669655594
417350225305272342
282901038468562944
797967502734000139
794798158239498242
745732202708336751
702668020962558002
756319350838919229
371361567540903948
797809134002110465
788527728911056947
754290469655281766
536774035128713228
595792254778474518
789369175461068871
802032805155962891
816042468008263690
571514922970644480
795573596935946260
642507471272804361
559107074772959252
754218720980893727
200669684658339840
466966499622387734
702650087289126933
506250424706269214
796099726993915955
797940031268061235
769904509253320724
780937728098435072
534860042072227860
797809355054907423
770085972699775047
724819612579004512
804561746031149087
378901784950996992
771400506915553342
752002718138368100
680550009741115406
815519464132968478
819146090396778537
476854090563846165
785303167779995648
796929050294878237
781179160088543242
376144335214870549
556212516619943951
747488689751326821
498334966875422740
816042816421494795
513507189256749059
733777804570918962
716304388498522173
696532355472556043
716456198681133096
684898281339486276
402328241152720897
791074720451788843
490357859205513236
767098495051759616
712020459691966554
797809551696855050
819146124828999691
813542320888086540
819145914651639839
496035147469160448
471627246256390144
792096293996462130
797590932135608331
704492951685824512
776171246978859028
289610770285854721
782391720515600406
770994356102234152
804471904639123456
819146219007770654
680028298927276141
793592066285371413
778031282268798986
808976117670608936
565174911031574539
811486105135349812
685907181908000821
743246935997284354
657034317268123648
771848931025616906
713869954088304770
543954021027676160
575795362510536745
739509877256224771
470128875947687936
693533520903143485
819145439542247424
797946147087712287
781399991863214100
685537820630319113
306833876943110144
803469281668890665
777354273045479426
819146217124397077
797972383789088768
311994507615010816
760810797164920832
505390039874666506
432946385931993118
634187553687207967
718979367769997383
767481562316144660
791131054928560129
800956020364410880
648926229348614168
788270768383066122
798845294132723723
746233111439867955
796390247948615720
759767723759632395
797809391352152104
711987428327424071
789728119535435777
753034581221048431
665231934691082283
782503116523831316
670091909821235240
796617652952629260
635046663119044628
796194718715346986
416983173617025046
587898847544737803
425779782685425667
709811915945410672
576498749149282314
816043298053160971
528275641787875360
649036322488713236
544740515795566593
738474322376786000
507579724369887232
356203989643034636
720672572022325310
770384382241275954
729943502921793557
563452681977462794
594215379228950578
813924442077265942
742104506321469500
694707725678018572
600417542443499529
693492234326245537
313467794836553739
694279930212515920
690387519019286578
749750261433761822
798836296499068938
209805685460959233
680846937813024825
421415762629230595
454062842241482762
707490985260744746
797983991269425192
821702425185353758
788654139160657992
701511388480274472
818714342245662740
699737425160699966
772605837725794345
795103927501848607
751616927688032276
751609494689022013
744769304129437696
797955294440980490
730074325939519509
804540696048173066
757383091953205291
665972564035764242
721229824244449311
821786498789670964
544601165061685249
695716688380821666
797809116956852264
527147349860941844
696815268651073637
438829209427640320
772088948679245865
661081555976060935
401629822377394197
753447646881906740
797976051183517757
658301383103217733
736820629076049987
470905726718705664
422464955489452044
812812557533970492
195308342527131648
818187388425601045
216386124950667264
455882420353236993
769066711990927380
797809261223739412
542891091406487563
761216399716515871
818741987611508767
711921822849040464
796603126986833931
790749414046171147
667926763354980373
778398151849279531
469197202359844895
808014615668850689
728343325350035466
595920993206140928
398599285350072334
797938189477216286
740339855908798536
786441337854623785
801253778556190751
668938100931821601
695462334189142086
735495957466185739
439576434181406720
523217400490098694
689972642479865874
704903334087098379
801476984109924374
784160315653881936
706954222867972118
818712427289509938
610567106735505615
816044832005816361
801769653620703233
741082553569640529
572946228313194526
462342134515761154
740642501844664330
822342028859146250
596793771828445194
529334681255018506
767661763558113340
819145725685399552
797974832435429437
791092260313366548
806888462577434624
301725546071719937
753310909870374974
538749495987666955
330059099230306316
812945137230675978
800975747937730580
733664592827252837
797933901070467113
768520513277526037
788183076772511794
501982335076532224
337796718605369354
516863920137568259
768175133352525854
705445307361787948
781309623520329749
530897680323575810
651934160281403402
759522169884639302
708405583765569546
797809402094026794
488534623777980426
706136543772803113
797407727910518834
625025785874350111
289060805998280704
796811164218556446
746462429470392380
818742724076896257
716967712844414996
692749984298303578
487816848583426099
795004061001973780
794808534797778984
741820301259702353
812015975087210546
256289913878609921
769356629547155456
680429489733632067
797941870440218654
769917825732182036
819145674834051082
793303979676532736
769629141397405717
797969330922717184
702360665293193245
665698967723442188
677305955716956170
462768278612475904
801541330773606401
795708581491245087
775925725467377685
732195018072391730
516455987444711453
564998025362014208
790721340134391858
797809374772723743
459887206501187586
796849460532871190
620422154428743719
774410758908936252
811491805216374786
810615401225781288
690053890481324053
753411783544275045
816042404116561951
721483913951969410
803823496739946528
607677475157311493
814942297950257174
642597591283924992
587790598950617103
760720760985223188
679460134367395870
502400835389620235
394343213164527618
772080977987764234
818736679728578571
704652419560243251
561276851650035723
603396332522307603
444707229439098911
679126570472046592
761693817245532220
713814996878098465
748073048707694603
509399263344853002
691080127924273232
699666909150445649
811207580868804639
763903730177277952
288395389688610816
480806130646515732
816042132724645888
807752608944881665
794722725166841877
554030296216109056
395147917465223170
416358583220043796
780393837402259526
585888965526290471
820278648459886614
802540666142851142
810877158112886856
760957402412482562
802036097718026240
793168614177767465
506541915295186945
725148431735193611
757241724119810170
324700748631769088
818732108192809000
715082441743794228
800509034552623135
477623274847862784
819145978102939658
767315403290050560
604825616927162427
754808499996852276
369823392662159361
502255079739621376
724053163375722517
811485145269010452
433786136234557462
593585560484839441
380409005614432260
772685753732956190
742842371678404659
595261598399070218
776163588767350794
747564359735181362
744443809001242705
470871392032653322
571501777866981376
773680747864129536
650278033692950538
511416000097419289
789470040616468480
535525548651446293
643148960029999107
369513370639925248
778769666440167444
786701432061427712
787749651067043850
704076728263245964
766489945304727552
616640938567008259
385282209965408258
729756777129705572
760610618159661156
811076574191157278
694545814160408666
698636449788198962
668908445726015528
516823969299693599
747588735650103627
679484243906396192
713219944157806594
526124673382088744
734858974817550348
684085409717682196
815571400420491355
788915733191065670
761290049999601674
451128034662285337
199874889736257537
791120321448247296
734896090016382986
556635559393755159
541118676384874496
801983484691611670
790570585776193546
788059974105956352
795314259646087189
617789707903827979
650664805526667269
594388262727057419
611002086611615747
458872456493531136
538869166451458061
766386913401241640
790958310857506817
803263119307702292
797809073755389954
437808476106784770
762311731723894854
765691977811361812
790069240467816489
710399712657670215
815580424331067403
261625104314662912
742448199595327608
703262556701196340
694340435405045810
587047842900607006
821116523686002718
816042683923300364
720873231107489874
811494006500360192
626906830949318670
716307928641961985
728017815487119370
816042665636266005
788189003618451458
817710322122752010
511173301150810113
743606716779724811
703334781131292684
783231996880879636
410158203272429568
789269813246820353
799278574589837342
351444228133355524
791980097652654101
816041268890435596
758174835922436097
531939798051586049
693245952634388513
788698459640823810
513769884493152259
819720641858764821
778349661601136640
346993975376216064
798928239183003679
715070034849824768
699561059048095744
754436086864019496
756751324795895899
561910327889887262
606597602842247204
190339569659543552
797932077357858857
665692977191976975
695565867332665375
632949946533806117
786710104690655232
797809115438252093
519332198445482035
759074118410043443
807314508249825350
711551603471024165
291710337739259907
791405205786853376
414314375055409173
797715792200335391
788561296312107009
746661060395925565
715734016376176644
575778802911674368
764515507688046652
688419095623893042
502195957996453888
795206810964983848
780884294267699241
678391125739831326
794627574793371719
797999873432617010
798051836161425418
639857465143590932
353173812759756810
729533660734160948
799699627049877554
770676122068582402
818842109548298300
793018982277971969
743590176932233317
734887654839025756
799470161438310400
513437996591087616
488744393025650698
763675602116018226
783783711602507798
795754598060654624
711461806899724308
749163135365152809
771593612700942337
547022769016143890
684771257207488574
691251114103799818
805448160008470539
796244401466769439
724735612082454598
764359182568259584
722012793871532084
801326663144308777
717992659884703807
808913420577275914
811544586546708531
782657147606663179
775097237524971610
803002801616846869
650847124942094368
758859986842812447
465233381727141899
636677281682685963
811480939817205772
812900633480265750
603565450202185744
369894098720653314
709500485534613626
602822820233347095
559726209764950027
819145913519046658
733191359481249812
752675312550281250
595125147917090816
566563831090905088
700169407472861224
816045963964842005
582329817655935000
723030157731954769
631546686027595786
710974718492147773
739400640278560788
785569272839667713
700837715456950353
602241277353918476
541317913861423106
749376284550889643
791827927947935744
718790976533168220
413333016773918720
790651740302344238
656234288886317086
816043924975779911
709473977130811504
675492425082470410
757494526104436777
754038093673267332
521415877762088974
667109082381025311
710507137146814465
545733021152575503
776068983077076992
463351322901479435
811205724909600798
787352574533435414
786026324183089212
779952805393334313
528124097226604554
663072191117656064
414494790479118338
814671963410399242
225766415674769409
280497242714931202
797942481063903272
804556783318335518
818904474075660298
796683622127894569
793837545359671348
761787564448415755
803122780349530142
791791118815461387
655370254670888980
812452530402361355
283777658133807104
431920484268113921
759607881535586367
580526755844980736
706192727737630821
418248156816343060
782520088259592192
701911448544084048
457173648030302209
571479755325440010
735951971009298443
694687107607691321
709185034765992028
474706525105946647
730056321487077398
797924790638870530
473620438090645514
691051173297258566
792951650989375518
721402622065770631
742600070016401418
584153769810329605
264213640570339338
796200727990894672
788401271215882241
797589613187301447
818722895605923870
711124998009389057
797759719736344596
796141791686557747
581270423237296168
793099261252206614
773283210716119101
811485091892559892
717855936462585896
767229335512940554
811489260728221706
395755227342438410
393786803242532864
649995929654525964
800035179757699142
176161132296273921
797809287018971136
783989329269227520
330197660155904000
816042329583517697
662703094282321940
669564857212731428
758366219836457042
769188886706257942
365970317765509141
762771556996612158
723437230739161172
662444923366277140
663213576302886922
754690269290430524
797809063835992074
744393777543774268
727983037555539989
767126268185149490
775074549938782261
764401127797948437
244977204818083841
802736509912219658
709151535732490312
788493463959371786
725259487241568327
732776414763417751
730078940013527120
715459738132938922
530608804384210955
562312816145727500
811483972822630400
794654098908512257
784117188704862218
699395325252730981
409124044495912981
343509278105141258
739957087852953662
499020687973810217
717073780903641178
740305179802599525
715379661047332955
771725679996698624
718523121858248749
549228177277321226
747741688193351702
685566814578933811
310436272332079105
806858335298519052
329717211763834881
747902719267700876
594175236564582401
519905525853454360
780813069764001842
811206526093885441
804118629901140029
819721448419622922
537460067168157697
729038010313736243
774388910586986528
724723571850739892
753767677545414726
720214816501006347
802004542145167382
804553098403381269
758754341867094016
791671583365660683
747564048828203119
481851099528036383
573984779683233793
386722706831441941
754300792424628234
818737423064367104
792194228377223209
791996827863875597
712803900939567104
819146010278232074
732762791278280819
285173194380410891
797961398340157479
724657830183043114
388808444897001475
681136150085369909
800733951261016095
519214922253598743
641456304002433034
797941258566893588
818741373053173810
676616637679665154
743225916695642193
809743646768758794
739908179118260315
793008137082634271
300825270729048066
775398531753836624
819146379250892824
635979265455947794
736429136771285042
787251211639324713
769261345383383070
549469812171079690
756487048273330236
539003485266509828
757057063561068555
617294525198761984
339960459631525888
769637854262329354
781500368445112322
818731330669248512
666845324521766942
548485221453004801
644950170974289920
661657889903214594
650445343569346620
775430958991802378
636060274738331648
740447819575328789
797974223720022026
538925675172593674
537011816690352145
674709396898578441
712081557300707348
773294021421957163
715700816949936169
754617982331781130
775054495670337597
792098221986938900
729497629830152194
784096512786694195
471472098934784002
790254875460108308
528400034115485699
427915336332083208
763834887043678219
784466508658114641
711662036760920087
784850368814645280
580021674024501250
741152232103215116
721843396351623289
438172011886411796
786672056699584512
574908507346698241
816045590546219089
668280300199084056
745458299373355049
735636245610496070
702613991356104816
576500101543886869
678659891120046123
773854856158117898
806194988517031956
665117048879317012
761304283705507840
276965576872820736
794769559298637836
804372744917352458
769225112205262888
560814126331461632
718957560505303180
194504352789037057
588312427276533761
780203203689054208
565315906935455765
788856347911127060
465696242786107433
488432868469506048
758518255354249276
782671250270584853
739228797873946765
775080025166053446
479377876320518144
805703650668052493
811164733104324618
797943089649549372
765252554740465734
797159227650474004
364030921349005323
669750096409133086
775490070505062401
765983168947159040
761003920809132062
784212673553235979
431213595318026241
797966893255753738
815220109756727336
817414017403322408
783433124918591508
680600920631017493
812409464728453180
675956926697308190
731015420508897372
804038503251705937
728209073614356530
743279107256877139
531991614390796310
754518392286740631
718481539893297222
739232208899801088
797405185776287745
798799704384733203
763108189712941077
792869266583322714
801226470948601907
816041709611778069
571722800071704607
395501563654701057
778582138148487218
641733044180615168
715074067383975997
571065694842650632
467842138433126402
475027227550154752
694727932664348705
794674291827671051
549913982908104704
797956515247030292
441474188566331392
818736069339381800
735628858212220930
632504256192053268
696797991679557763
768144289376501770
763145135088599061
806646376858910781
815038288515170324
791715797566881812
659970421885632532
755526063857205288
756352646377373696
546966121010429963
815524833172520980
725792128264831066
731285026225782855
806634879206686720
733889520423927849
381994063437758465
587481850109493285
739077669848612874
776802757666537513
780956785677828138
788470813937500160
797809162833887243
713530735218262146
771966643827113984
701547267685089351
377517617423843338
796139704671928371
820286908642099221
561789815100801041
750336873972498473
632647767084367902
471060868327800874
784055844669095946
661694777124716564
665098661956681759
712475095246962749
663142441423208448
796245632028246026
748277495488577607
344289063102185474
771749215377817603
673623372487458860
712296223318474842
763793149976903750
762859602874073088
728255122953732096
797972992461897740
797940649109618751
691264267617435680
792968657860427799
691399963350925403
779252088008867882
790425968262512660
819145695721684993
666790271530434576
770234213139742720
761525097797910549
760352484140646420
753229670849314826
678066701270646789
801938499444015135
818743291146797057
704922226809503754
797969944364056576
659332801476427786
747300712622325781
797790028658638869
805198772287569960
424639386148274178
576167454007492639
751653981347905647
811482174905516072
468430900766572554
414886388534870036
732144749917765652
819146369641742356
706073394772181004
795499795120783371
770127122961924116
518535235110043659
702298133538799687
538890140987162644
739489239057825868
660576415359434753
794201813456388107
381133734725943307
522859395931963392
802007924586053643
785268220517023764
737763577775128588
819145921110736906
658535679424462878
797966275669917716
477513901324632065
700751741871849482
801686002116198431
818710326257123389
797962010620592187
735259341354959011
725603143215480873
631749225646129152
432106103015211008
527087585810579456
762812777265233920
579404668602417153
816048312121425960
811491449673482240
626066888622997545
816047605896183858
690707746399453194
730929021591879681
283305125987221504
546466347266342922
795003536353394718
713958296565973112
738491604159037511
395219516138717186
748487626851483700
793313942348103762
753632204294193196
537388069893046273
699338439631568956
785248648354725918
821922035671760928
779828040507195413
788185439554109450
550336583497416711
586674140468215861
807418769009541120
434381263844016149
563815983320662016
797937570745942048
793977963660967977
339773191993950208
651108666937704480
816043657857466388
793656189963468860
717292682036248607
583804832108773397
625812880276586526
782308823905992724
738005302082928731
745507866961510450
638267762485100574
646886553716654080
766186653383000094
749108600135352400
399311747103719426
804437664307609651
741096531196641331
651516266170810370
725121607504363611
800763897862815795
477621929407414273
708766559304286248
787729625189974056
797949811252920321
779844525291077693
797936961884651532
715698669034274878
738955644438183957
743817730339110963
797952857450086401
792475212452724737
460236838087557120
396851743486640140
615305046237642766
758721194663870515
793800678644252703
430860234429431809
702647809886912545
783035517616783450
808719673117245501
754258507569692725
740340964165550121
485883054393524234
693806594596667423
708814403738271825
818735466702569472
616231823760031777
785374228064894990
728429845364736031
818726107708391424
818730762508566539
506426407472332800
529120833801682965
730709580191105045
502959549779804161
718497701561630797
605991185068064798
797971164785147934
786894575234056203
761263802401554473
608909662569496587
742522080829898762
450082322302369792
769255931325710337
659990742202187784
728139424784711730
799628865005682718
798668849540366398
811482306929229829
804098998779904062
805100145729470485
664300793024741418
675759671235313714
574754991739240463
761733520309092402
768566204444311554
793946165091369002
785292289605500938
739023451364524106
694877464157093959
762057497896550430
782091309967999007
773075320982601728
735031705282412634
790005846075244560
753231452854026291
594197437715972099
791335844308713482
572923694096187402
661101921137852417
583861700676288532
797965057216348190
207313455835906056
601823011389046785
624544858916257812
801998752545374218
722586059736744037
733725704251768885
701105320138768454
807383764388675654
707389721302663271
806949029572640829
686048821146550272
531739643818016811
513090903750082571
783003564761940058
732579893560213518
345250935251009536
800682963175735342
797997431836246017
456842412493373442
772238365424484384
747785938238832650
702124913820958771
707401271996579921
762362825590964225
697012673715634278
302545362965626885
314898322735366155
647982482276220958
756664444003811329
792491484191653918
710522163446153369
794301853675421746
758664434641403926
608055288481972224
815669531863285792
797809354664968212
800545328565977128
818600642179760158
748575207484162140
741569828212441089
816599830247768125
722985284991582218
622940049616666624
809934746171473970
589132286222663709
709325857272889344
536423611926315008
713176535393239090
748744426448355409
327129213390028805
752788559232106519
712914726270533688
765923436785696788
481343544930336768
818730148907974718
448084601467043850
237376581683642368
755877907422773425
782651999095226389
779083679578193962
497122472630550542
535618112695959553
533477836468650025
549345590799237149
740887427094282296
297884348882092042
371821343945129984
795607430774915112
331460254749556738
449229738205249546
699552635224850452
619429269789212682
790032343310008340
770020808311439360
699399237120819202
543185389075169282
762368375455744011
713523166521327656
453964785629790219
665008764075769896
778437073425530910
538423510213591050
328283549570433025
762803303876132885
659523846218448906
699683219280232588
803831647933169674
605611380523139073
445554275482075139
624780801766064162
803369902298890248
710022104195530782
784853324667027477
797809070567325696
814945739163566120
766383051412078652
759475408549838848
710306789698175009
726638902634479678
433044603806154752
792499573003124737
769660534689235014
816042818656665600
579867482647560203
698417118491836468
718433845262811147
794944408108662845
816734738035376209
808107756594528297
690251682881601582
769984101091377194
802708281662636033
515695477405122601
603129882834108436
815221794285027341
532690002010963989
365308453704564739
790087837567025162
738361302640099337
744294628580261959
671167208617148456
793939349989359616
818717506523889674
787660359364247553
760346582662381582
495324207685697557
527114780499116035
519240663137517600
768927960609849454
664823917902299175
772941428963016734
459875427180085259
484821316596269077
764842027606736911
766511640241635348
811753321148579890
789198484368392215
769987659233755188
737426789193875486
795932220966961183
766899657854287902
520652005526470680
752683548150071337
571085791313264674
793440212935639061
768785439926255636
269814675024117760
819145959665434635
766714352371630120
337910232724275201
797939421176528976
762677993667166249
779969437029761064
700775803566293034
801369399108960276
710991447951671296
806897252148183041
234395307759108106
365592454390349824
804652026625392680
743440730772602975
656183336208695336
659484108841287701
804435904235044936
816043972509827142
310722203186364417
559236589444661248
546513736236793857
599507979368136736
476422412926320650
787514736471441419
704863040381780089
816040975553527899
779101728188268625
559855925997994083
511380674876538883
761853778487541762
691755484738486334
692357863942652024
738090571171627048
396692946185093141
804724684854657025
811051885422968852
469934571610177556
787901233897144331
762286489710493706
816995710242783243
672856325759434755
728987884790612109
706707728701194266
764193679606284319
542812566892576789
569332741166989324
770473054773575681
382527827267944448
717292499030507550
777674733319356416
693097614471856150
749333261368557608
817139215149695036
770227864837554177
742298461474521139
422429932832948256
424416297632399360
759830097045487648
779874685310992384
751505599509823488
815382466814541884
629445044281147412
772746260686962689
755943044255318085
668724154354368522
816310903396892723
567765107875119136
615759085513736212
786904060565127189
816538234670153769
602099261189914645
579420070959382539
731172799321866273
685788306096652296
765436336391847959
709119979643076658
677589286379585537
767731565089390604
658197767491158017
711746900218478672
816916671578112021
797977270954229760
531825010227150880
751013238283567115
756686009760219146
790434475254874132
806435342609547296
821151254654222339
716762856846262333
796246487754997780
779938829846183956
223203027014778880
549077463439769600
737097277243523092
815449119812091935
756649376876593242
797540641318895616
818724240161374218
740374075423195276
753845142544318584
618530084029988885
733172355530227723
725653865050931210
398603548398714880
706771037315924018
415583155005685761
576197587606962208
775609374332157984
660499768132501517
762682432716800081
414883753396273153
798997319785119766
771959910509445140
773903801941884949
819145433636667413
758391596504449076
408403629184385035
691109090423734326
797406028844105748
796186959562670120
540354331623555085
404701917219127306
540956144819240993
794016919669571605
366826001583570944
660631234736554006
223670228717010944
771817123709321216
618560631871897611
683557478675644441
627644504165580829
670126026030055425
739881816705728542
459964984298962944
519365142010396682
352549785250693123
430545671842430996
773364615886798848
792763122158141461
597226105933398016
759869311547342918
595172435720929280
812053538322120765
708906930235506760
819145712498769921
659944197897453578
618902209899528205
811482977640775680
301068418562523136
560195193891192833
783145998343995413
725791561799041024
763843215677063241
636565404126543875
673597983740395530
172830362966163456
609829354859528193
791738178805039135
377882985715859456
310128814808367114
363506648603688960
797953466352926750
776205530938474497
691232216277188608
682368619690328067
813115834633289809
691018821276008500
705754431009849405
740654327995301999
811482106143834133
818740119917297684
787145654664691722
722170873905414206
814944196942364773
717123609927352353
819146461195272193
815530441267347466
808544231710130207
703749574371573822
659341586332778516
797926007243931678
350058692982472705
748990936322932776
812818595028795402
819145447461224448
758577002184835082
762449461363736577
790628920079679499
514463154215059505
293933554570756096
797971774247403540
819145971241582603
200700820667367424
816317377536065596
785417721050562560
787571290734329856
818724841179447316
541693161546842122
756150683434221568
558750815540740111
788920005726699552
818726803253755925
384125978169049089
672196429388709888
796202438709215253
818738036875198464
384223568990306304
812671564344066088
756653790597349466
772235227581382697
780980352503906325
790097480096153641
776216191030525952
793214763676074056
752971422531321898
506127432210972673
754097701812961382
811487396109221908
818733306303741952
818178636573179915
693492778537320559
691764406647914536
785631428440096768
797951030130245652
713852701259333752
819145637622710274
647060426512924683
634216599074635801
762105022720114698
797938807940317195
769974328392548383
640573169475911681
732468512571916378
396795178033348608
701981693933781053
597897110758883329
540294262290513930
777243008709820428
726252588554780772
797809512211152939
696579797274329089
773616205365510184
776156604503556167
771137867246075974
739910243269607444
752908290391801867
761285065014771724
745848248165728307
783320725037383700
804558057324937218
468798457206013973
679431293208887307
435758564372512778
818728791345332244
463757408876101642
818734707734609922
733412203037982831
670018397450534922
786155818314629120
796943689934700544
663148527509307402
808059597025181696
809559586168111215
720579109125881956
796795255365435402
797960786155667458
566705563325693995
296470608500359168
562507677461118995
775461252931649597
531531614677631006
645354636022382592
797231939407970385
760545021156917248
797809411669753897
813527746138341458
725441415060127744
202119107410132993
347345319178010624
515979671477944341
693506479256502343
668280506928070688
715312811521081404
639734808741937162
797960176720281600
811484976234102845
757034975232000112
811481469570646017
399698972194635786
763435167356026881
771481153483702282
422116412559982593
759535779659120650
789143796894007308
376174037182709760
400455462526386177
768496403625934918
756302188975882304
797962619821621269
527646355351535626
759890127504932875
818729541295144971
564553243729068032
816044062960386050
698589579313414187
598282425654706176
795375373251772467
797963838971969626
605518390081224758
761978054813024266
659511457599324191
679493096266137639
771158857489448982
794965886448435201
792518673214210048
532999728259006495
704979974997934120
499301153176158219
797809232383705130
770396846010269737
371574120095154187
697130483280117830
468821700872765441
447245082374963200
799796883891290112
741658526082138234
687472138541989944
410983845064736769
815298082957819904
323889304369758228
796201435129184256
716834641574887465
730659606929604728
815845183391662100
437939950076559360
244390491200815104
712408634272776245
517680617190719489
792165200416866314
745258309686394991
559454466764570644
557003609980534791
491613490063343636
767119756951945317
584901476258938881
804048771683057675
707210210707767307
581328151599120396
806086164150878218
642775495670366209
735656503364812833
430397369704513537
817667605506031617
810210291529809920
660938128487350282
685722748802433066
797925397479161877
661413483405115414
805561495848484924
797970554644332614
796110642783584287
797808981702606898
785930676221509662
734988557764263987
750439485145350275
727400246715482183
354388280684576771
291304591327494145
809370144022855691
336542925662060545
774461998925873164
816458151686832151
220461364299300864
442413220691443722
757369188535762964
811360399638265866
722282043228160109
613240152940347392
789078522131382344
385364436661305355
786641742967472148
705679525383503912
341615878703677441
508379103087296512
720558958972108911
754726700088164554
775108229877071882
704134127670132757
771286236858023937
472903236911759360
289045070152204289
797809233780539393
794045851206418492
616485548391006210
625656934409699338
683346482765627525
498564835420798987
785312585259810816
666369204428996628
338138383698231307
774461223919550484
816742572416040991
734708270610120735
804377404473868363
660208078226194433
792115325084237824
795755608229543987
816232363708907530
804837476278468619
792749419602116613
775145632460570654
358883557243879425
398271930580467724
797954684760358942
513734330506543138
816341160989294653
340686625690484736
666784332580651008
470930610760712193
475336774357352449
607436616327364618
714257058270019654
737570893542457444
751685949326622782
693547982351761508
804080657386831943
576758143602786305
797968112284729385
689914213748965403
333295468014600212
707156315142619167
744264873055092859
755536489345187912
565726245346738176
818732725245837312
434197005091340298
819145907681230858
766075791863447564
754462562636136519
674804518306709517
784169253863555094
818713623597547551
112611011403489280
750538418987204679
702739593614721135
814269662584897556
514291764568522772
724435307818385497
655839732357660676
515238152919711746
480856007401144320
781303240213266472
295723331989012480
680731169821950031
742099124228194444
582714576651550722
623854582241427466
753760020553924609
771135686488752139
714144741956255826
637150771598589952
459427781978226688
534538789020893185
397609515807277056
815528397551566888
670279628904202240
767776408029888522
332009889721221121
238412179047579660
777214020268326912
546901012036976655
312023118984249344
696440693639610479
563898892375293952
538433770081222657
746571347588677694
327579777818951701
738030772170129438
717901936648781888
797809112217026610
799847954382192650
732510261872820325
699151663516221521
791476628927807529
701597458744082564
735656683094802434
615695368381792286
783097030690996278
661809012492468236
419721371694792714
531292407556210709
783686874861666324
795864811069767700
754006302958813235
692163574134734888
699349776436822028
797935124007092324
802580231089029171
645537679945236480
713542160884170752
718097941310734408
779483223004151848
797947976395915324
819146390063415308
480329658211237899
551691431312359435
821425679782510644
795727063864442900
579084610827321347
701875435134386329
742513568767016992
743889666524053584
695365866887446569
609089488634904604
660389014456762398
819145719511515166
754946038061727826
569387181031030784
427980843055841281
786611154607800394
667449319087144991
777296216677154827
659768552080932874
634879067849490447
819146433257144334
685925604100407327
802614799644753940
689969729225359427
773353043939950653
753313477497454763
777338173210230825
796880278735814697
743672095573016689
381469624090230785
758776570114080878
330546331213103106
786300240676126748
726724364401377306
689733534621106309
733366824233599026
672831243188174850
779041065976987688
805104416831045693
809303164750790717
310263627653316608
400727026903810058
754404387006316728
746220120640323636
798307298479964160
786506391778230274
581109985702838273
786806720953450497
794714566282051614
792990814753783818
692567474750750771
655580139421433858
632940503884890183
670231944629583872
769986642081349643
547979370401234954
693604296234893404
552695608490590219
767631117075349544
289378615953719296
732402969777012748
816755635072139334
662373543010369551
819146191987015740
484096838459457545
767219848978759690
666987755611357205
579062164619526155
659648340799258654
819146261290418198
473370418007244852
659765007327690774
694968650561617950
806637580275548211
798470772099121172
533020889495633930
327908628730478592
469957977932169273
768691195853013003
760257887087624232
374239700204126209
661049477821497364
766594263042752513
318857151999115265
819145687991058434
500964995715039233
780999450092634122
422981551760998402
805080948202012682
816045366407331850
788654870114336808
700744263096598648
803590326702440448
640388288041058311
709259659579752479
583614903282171905
726131084282167378
769564774069043221
796858198988029982
247420670047289344
818740723976634378
811486513560027158
265304046833762306
692776911918727188
720375691841110026
758804141912490004
659127042222063627
654415134890131473
797980943398600706
772850830419427348
544432935248330773
793212947882049546
724632637146267699
797954075664449556
484198672146366466
739889560796004432
804808103299907625
384048315664302081
710182515306135734
471708168859156501
546177207182163968
780673099401527296
460885290400219158
797944919956127745
749349988353441823
800268254073454593
456970429668524033
804552904861548545
500679016655749120
767533182455119903
717463895819681802
697473742867267645
735955937285636126
679894792737390685
759215768322834432
736656665394282577
737797884296167525
709847782214860911
727959796694646835
767382985082142750
790144603025178644
407270232516984832
797104642437545996
780156142340407307
731047618259582977
818738779690238032
466310212442259486
819145746720489522
557010057074835456
672946163854475277
470992222779736075
786429955621257216
821760823034773535
757946312028061776
716444875268030554
373265651227164672
679605554443845642
797371425714864138
740662119715831909
762503056398483466
612776481386397706
790771508607844363
745052750261387284
774091832388222986
554319173023563782
796892194266284043
816042102240182272
716860725678702625
343157384962899980
446823293756899338
818718087808286750
797862647725817856
819145923581313036
533120238967848991
794971687472463912
709839802169819188
789205662399332413
748266046158536874
747009641061285928
816803439442788363
811486573584973854
717467440128196760
353345785145983008
768838862864646204
772526973238902804
763532703009734676
690997489469489163
706436946590957600
819145456789487647
752301679013134426
531385322538270730
758741372697837661
699697022516723823
797809254416646144
721517151260901478
756869441115127868
631437920191905793
559260185177227264
706836274828279809
821215568517660712
589992634680868874
713842454834577481
508506900879507475
772640606215340032
405895861835661315
748471917874380920
560235373444333604
767828433342300190
691728893270294659
793320522292789299
688721641340928010
736623513120538775
796514368946044939
547587360725008399
187756384702431232
768459142506872872
585931267111911529
