760265866423435284
823010951312965643
822387093014839356
822385946334593037
821722103102832641
821702810033848341
821385921264877568
821385900495863828
816706637720846407
815750575898624021
813470070151184454
813415235905126410
810354096653467669
809533102459846686
809533102035697724
809530018848833606
809530018631909388
809530018442772483
809530017335214081
809530017280426084
809530015720800316
809530015195594812
809530015175147560
809530014835277864
809530014827151362
809530013128065025
809514096327393281
809514095581724732
806504282811269131
809514094754791484
809514094428160033
809514093588906035
809514092737855550
809514092732743750
809514091949457408
809514091864915978
809514091093426176
809514090372268093
809514090241327135
809514089612443738
809514089160245269
809514089104932964
809514088203288628
809514087049723975
809514087015776268
809510961144135721
806504293506482207
806504292956897351
808439593002074122
808442460703031346
806504284380069891
808434677866168342
808442214694125620
808442214031556608
808442213016010803
808442459541340181
808442457862701087
806504285809803264
808526368761315358
760266145868677151
813907518647959572
809500492010618880
818256077724188712
823012026011746315
806504277051703326
822821693545775105
813470074446544916
822821790208360459
822043113064497153
806504272949936169
806504283700330497
823069568947453972
806504268617351179
823005512782053396
806504263881588766
799939492131635223
808455325916987412
803378509992558612
784205215971672086
806643309690880002
762368641848442971
808434945943928883
808284665131696140
808437672259092492
804738837229207574
771001173779021846
806504268244582410
799660247609245717
808450481641881612
808440780192350270
808445715822149653
821640574535991316
806504262677823489
808432873736503390
802516599906107423
808408553253634118
805741120596213793
822385948519694338
806504261051220000
